25
0: 1 2 9 11 13 21 23 24
1: 0 4 5 6 10 11 17 19 22
2: 0 3 5 9 11 12 14 16 21 23
3: 2 7 8 13 14 17 20 23
4: 1 8 9 12 20 21 22 24
5: 1 2 7 12 14 16 21
6: 1 8 9 10 12 15 18 21 24
7: 3 5 10 15 16
8: 3 4 6 10 13 14 15 16 23 24
9: 0 2 4 6 12 17 21 24
10: 1 6 7 8 11 12 20 23
11: 0 1 2 10 12 13 21
12: 2 4 5 6 9 10 11 16 19 20
13: 0 3 8 11 15 20 23
14: 2 3 5 8 15 16 17 19 20
15: 6 7 8 13 14 18 22
16: 2 5 7 8 12 14 17 19 23
17: 1 3 9 14 16 23
18: 6 15 19 20 21
19: 1 12 14 16 18 21 24
20: 3 4 10 12 13 14 18 22 23
21: 0 2 4 5 6 9 11 18 19 22
22: 1 4 15 20 21 24
23: 0 2 3 8 10 13 16 17 20 24
24: 0 4 6 8 9 19 22 23
