25
0: 1 2 3 4 5 7 8 9 10 11 14 15 16 17 18 19 22 24
1: 0 4 6 8 9 11 14 15 17 18 21 24
2: 0 6 7 9 10 11 12 14 17 19 22 24
3: 0 6 7 10 14 15 17 18 19 23
4: 0 1 5 8 9 11 13 14 16 17 21 22
5: 0 4 7 9 12 14 15 20 21 22
6: 1 2 3 8 12 13 14 18 19 20 21 22 24
7: 0 2 3 5 9 10 11 12 15 16 18 19 20 23 24
8: 0 1 4 6 12 13 15 16 17 18 19 22
9: 0 1 2 4 5 7 12 14 15 17 18 20 22 24
10: 0 2 3 7 13 16 18 19 20
11: 0 1 2 4 7 13 14 17 19 20 21 23 24
12: 2 5 6 7 8 9 13 14 15 17 20 21 23 24
13: 4 6 8 10 11 12 17 18 19 20 23
14: 0 1 2 3 4 5 6 9 11 12 19
15: 0 1 3 5 7 8 9 12 16 17 18 19 24
16: 0 4 7 8 10 15 19 23 24
17: 0 1 2 3 4 8 9 11 12 13 15 20 21 23
18: 0 1 3 6 7 8 9 10 13 15 20 22 23 24
19: 0 2 3 6 7 8 10 11 13 14 15 16 20 23
20: 5 6 7 9 10 11 12 13 17 18 19 21
21: 1 4 5 6 11 12 17 20
22: 0 2 4 5 6 8 9 18
23: 3 7 11 12 13 16 17 18 19 24
24: 0 1 2 6 7 9 11 12 15 16 18 23
