25
0: 1 2 4 6 7 8 9 10 11 12 13 14 15 16 17 18 19 20 22 24
1: 0 2 3 4 5 6 7 9 10 11 12 13 14 16 17 18 19 20 21 22 23 24
2: 0 1 3 4 5 6 7 8 9 10 11 12 13 14 15 16 18 19 20 21 22 23 24
3: 1 2 4 5 6 7 8 9 10 11 12 13 14 15 16 17 18 19 20 21 22 23 24
4: 0 1 2 3 5 6 7 8 9 10 11 12 13 14 15 16 17 18 19 20 22 23
5: 1 2 3 4 6 7 8 9 10 12 13 14 15 17 18 19 20 21 22 23
6: 0 1 2 3 4 5 7 9 10 12 17 18 19 20 21 24
7: 0 1 2 3 4 5 6 8 10 12 13 16 18 20 21 23
8: 0 2 3 4 5 7 9 10 11 12 13 14 15 16 17 19 20 21 22 23 24
9: 0 1 2 3 4 5 6 8 10 11 12 13 14 16 17 18 19 20 21 23 24
10: 0 1 2 3 4 5 6 7 8 9 11 12 13 14 15 16 17 18 19 21 22 23
11: 0 1 2 3 4 8 9 10 14 15 16 17 18 19 20 21 22 23 24
12: 0 1 2 3 4 5 6 7 8 9 10 13 14 16 17 19 20 21 22 23 24
13: 0 1 2 3 4 5 7 8 9 10 12 14 16 17 18 19 20 22 23
14: 0 1 2 3 4 5 8 9 10 11 12 13 15 16 17 18 19 20 21 22 24
15: 0 2 3 4 5 8 10 11 14 16 17 19 20 22
16: 0 1 2 3 4 7 8 9 10 11 12 13 14 15 17 18 20 21 22 23 24
17: 0 1 3 4 5 6 8 9 10 11 12 13 14 15 16 18 20 22 23 24
18: 0 1 2 3 4 5 6 7 9 10 11 13 14 16 17 19 21 22 23
19: 0 1 2 3 4 5 6 8 9 10 11 12 13 14 15 18 20 21 22 23 24
20: 0 1 2 3 4 5 6 7 8 9 11 12 13 14 15 16 17 19 21 22 23 24
21: 1 2 3 5 6 7 8 9 10 11 12 14 16 18 19 20 22 23 24
22: 0 1 2 3 4 5 8 10 11 12 13 14 15 16 17 18 19 20 21 23 24
23: 1 2 3 4 5 7 8 9 10 11 12 13 16 17 18 19 20 21 22 24
24: 0 1 2 3 6 8 9 11 12 14 16 17 19 20 21 22 23
