25
0: 1 2 3 7 10 12 16 20 21 23 24
1: 0 3 4 5 6 12 14 15 16 17 18 19 22 23 24
2: 0 3 6 10 11 15 16 19
3: 0 1 2 4 5 6 7 8 9 10 13 15 16 18 20 23
4: 1 3 5 8 9 10 11 12 13 17 18 21 23
5: 1 3 4 6 7 8 9 10 12 13 16 17 18 19 20 22 23 24
6: 1 2 3 5 7 8 9 10 11 14 15 17
7: 0 3 5 6 10 14 16 18 20 21 23
8: 3 4 5 6 9 11 13 14 15 16 19 20 22
9: 3 4 5 6 8 11 16 18 19 20 22
10: 0 2 3 4 5 6 7 12 13 15 16 17 18
11: 2 4 6 8 9 13 14 16 18 19
12: 0 1 4 5 10 13 14 17 18 23 24
13: 3 4 5 8 10 11 12 17 21
14: 1 6 7 8 11 12 17 18 19 20 21 23
15: 1 2 3 6 8 10 17 18 19 20 21 22 24
16: 0 1 2 3 5 7 8 9 10 11 17 22
17: 1 4 5 6 10 12 13 14 15 16 20 21
18: 1 3 4 5 7 9 10 11 12 14 15 20 22
19: 1 2 5 8 9 11 14 15 20 21 22 23 24
20: 0 3 5 7 8 9 14 15 17 18 19 21 23 24
21: 0 4 7 13 14 15 17 19 20 24
22: 1 5 8 9 15 16 18 19 23
23: 0 1 3 4 5 7 12 14 19 20 22 24
24: 0 1 5 12 15 19 20 21 23
