25
0: 1 2 5 8 9 10 12 13 14 16 19 20 21 23
1: 0 2 3 4 7 8 9 11 12 13 14 19 20 21 22 23
2: 0 1 5 6 9 10 11 12 14 15 16 17 20 22 23 24
3: 1 4 6 8 9 10 13 14 15 16 18 20 22 23
4: 1 3 5 6 7 8 9 11 12 14 15 16 18 19 20 22
5: 0 2 4 6 7 9 10 11 13 15 17 18 19 21 22 23 24
6: 2 3 4 5 7 9 10 11 12 14 15 16 18 19 21 22 23
7: 1 4 5 6 8 9 10 12 13 14 15 16 18 19 22 23
8: 0 1 3 4 7 9 13 14 15 18 19 20 21 22 23 24
9: 0 1 2 3 4 5 6 7 8 10 11 12 13 15 16 17 18 20 21 23 24
10: 0 2 3 5 6 7 9 11 12 14 15 17 18 19 22 24
11: 1 2 4 5 6 9 10 12 14 17 19 20 21 23
12: 0 1 2 4 6 7 9 10 11 13 14 16 17 19 20 21 23
13: 0 1 3 5 7 8 9 12 14 15 16 17 20 22 24
14: 0 1 2 3 4 6 7 8 10 11 12 13 15 16 17 21 22 24
15: 2 3 4 5 6 7 8 9 10 13 14 16 18 19 20 21 22 24
16: 0 2 3 4 6 7 9 12 13 14 15 17 19 21 22 24
17: 2 5 9 10 11 12 13 14 16 19 20 21 23 24
18: 3 4 5 6 7 8 9 10 15 21 22 24
19: 0 1 4 5 6 7 8 10 11 12 15 16 17 20 21 22 23 24
20: 0 1 2 3 4 8 9 11 12 13 15 17 19 21 23 24
21: 0 1 5 6 8 9 11 12 14 15 16 17 18 19 20
22: 1 2 3 4 5 6 7 8 10 13 14 15 16 18 19 23 24
23: 0 1 2 3 5 6 7 8 9 11 12 17 19 20 22 24
24: 2 5 8 9 10 13 14 15 16 17 18 19 20 22 23
