25
0: 1 3 6 13 22
1: 0 2 6 7 8 9 10 11 12 14 15 23 24
2: 1 4 9 13 22 23
3: 0 7 10 14 15 18 20 22
4: 2 5 8 13 14 15 16 22 24
5: 4 6 7 10 12 15 17 18 21 22 23
6: 0 1 5 7 12 13 17 22
7: 1 3 5 6 9 11 12 14 16 19 21
8: 1 4 10 14 18 19 22
9: 1 2 7 13 20 23
10: 1 3 5 8 14 16 24
11: 1 7 14 17 22 24
12: 1 5 6 7 14 15 19 21 22 23 24
13: 0 2 4 6 9 14
14: 1 3 4 7 8 10 11 12 13 18 19 20 21 22
15: 1 3 4 5 12 17 18 23
16: 4 7 10 21 22
17: 5 6 11 15 21
18: 3 5 8 14 15 20 24
19: 7 8 12 14 23
20: 3 9 14 18 21 23
21: 5 7 12 14 16 17 20 23 24
22: 0 2 3 4 5 6 8 11 12 14 16
23: 1 2 5 9 12 15 19 20 21
24: 1 4 10 11 12 18 21
