25
0: 1 2 3 4 10 11 18 23
1: 0 4 5 7 9 16 17
2: 0 9 13 16 17 21 22
3: 0 4 6 11 14 16 22
4: 0 1 3 5 6 7 11 13 14 16 17 18 24
5: 1 4 6 8 10 12 14 16 18 21 22
6: 3 4 5 10 11 12 15 22
7: 1 4 8 10 13 22
8: 5 7 9 11 12 14 17 18 21
9: 1 2 8 14 15 17 20 21
10: 0 5 6 7 15 18 21 24
11: 0 3 4 6 8 14 19 20 23
12: 5 6 8 15 16 17 22
13: 2 4 7 14 16 18 22 24
14: 3 4 5 8 9 11 13 16 19
15: 6 9 10 12 16 17 24
16: 1 2 3 4 5 12 13 14 15 18 20 21 24
17: 1 2 4 8 9 12 15 19 21 24
18: 0 4 5 8 10 13 16 22 24
19: 11 14 17 22
20: 9 11 16 21
21: 2 5 8 9 10 16 17 20
22: 2 3 5 6 7 12 13 18 19
23: 0 11 24
24: 4 10 13 15 16 17 18 23
