25
0: 1 2 3 5 8 9 10 11 13 16 17 18 20 21 22
1: 0 2 4 5 6 9 10 12 14 15 17 18 21 23 24
2: 0 1 4 5 7 8 9 11 12 14 18 19 22 23 24
3: 0 4 5 6 10 11 13 15 19
4: 1 2 3 5 6 8 9 10 11 13 16 18 23 24
5: 0 1 2 3 4 7 8 11 12 13 17 19 23
6: 1 3 4 9 11 12 14 17 21 24
7: 2 5 8 12 16 17 20 21 22 24
8: 0 2 4 5 7 9 10 12 13 17 18 19 20 21 22 23 24
9: 0 1 2 4 6 8 13 14 16 21 23
10: 0 1 3 4 8 11 12 13 18 20 21 24
11: 0 2 3 4 5 6 10 13 14 15 16 17 18 19 20 21
12: 1 2 5 6 7 8 10 14 15 18 23 24
13: 0 3 4 5 8 9 10 11 14 15 18 21 23
14: 1 2 6 9 11 12 13 22 23 24
15: 1 3 11 12 13 20 23 24
16: 0 4 7 9 11 19 20 23 24
17: 0 1 5 6 7 8 11 18 19 22 24
18: 0 1 2 4 8 10 11 12 13 17 19 21 24
19: 2 3 5 8 11 16 17 18 21 22
20: 0 7 8 10 11 15 16 23
21: 0 1 6 7 8 9 10 11 13 18 19 23
22: 0 2 7 8 14 17 19 23
23: 1 2 4 5 8 9 12 13 14 15 16 20 21 22 24
24: 1 2 4 6 7 8 10 12 14 15 16 17 18 23
