25
0: 1 2 3 5 8 9 11 12 13 14 16 17 18 19 20 21 22
1: 0 2 3 4 5 7 8 9 10 11 13 16 18 20 21 22 23 24
2: 0 1 3 4 5 6 7 8 9 11 13 14 15 16 17 22 23 24
3: 0 1 2 4 5 6 11 13 14 15 16 17 18 19 20 21 22 23 24
4: 1 2 3 5 8 9 11 12 13 15 16 20 21 22
5: 0 1 2 3 4 6 8 10 11 12 13 14 17 22 23 24
6: 2 3 5 7 8 9 12 13 14 15 16 17 18 19 21 24
7: 1 2 6 9 11 14 15 16 17 18 19 20 22 24
8: 0 1 2 4 5 6 11 13 14 15 17 18 19 20 21 22 23
9: 0 1 2 4 6 7 11 12 13 15 16 17 19 22 23 24
10: 1 5 11 13 15 16 17 18 20 23 24
11: 0 1 2 3 4 5 7 8 9 10 12 13 14 15 17 18 19 22 23 24
12: 0 4 5 6 9 11 13 14 15 16 17 20 21 22 24
13: 0 1 2 3 4 5 6 8 9 10 11 12 14 15 17 19 22 23 24
14: 0 2 3 5 6 7 8 11 12 13 16 17 24
15: 2 3 4 6 7 8 9 10 11 12 13 16 17 18 19 20 21 22 23 24
16: 0 1 2 3 4 6 7 9 10 12 14 15 17 19 20
17: 0 2 3 5 6 7 8 9 10 11 12 13 14 15 16 18 19 20 21 23
18: 0 1 3 6 7 8 10 11 15 17 19 20 22 23
19: 0 3 6 7 8 9 11 13 15 16 17 18 20 21 22
20: 0 1 3 4 7 8 10 12 15 16 17 18 19 23 24
21: 0 1 3 4 6 8 12 15 17 19 22 23
22: 0 1 2 3 4 5 7 8 9 11 12 13 15 18 19 21 23
23: 1 2 3 5 8 9 10 11 13 15 17 18 20 21 22
24: 1 2 3 5 6 7 9 10 11 12 13 14 15 20
