25
0: 1 6 11 13 16 18 24
1: 0 2 3 5 8 9 12 13 14 17 18 21
2: 1 4 8 9 10 16 17 19 22
3: 1 4 13 18 22 24
4: 2 3 7 9 10 12 13 14 16 21
5: 1 7 11 12 19 22
6: 0 7 11 13 15 18 22 23
7: 4 5 6 8 10 12 13 24
8: 1 2 7 13 18 20 22 24
9: 1 2 4 10 11 19 23
10: 2 4 7 9 12 14 20 23
11: 0 5 6 9 15 16 24
12: 1 4 5 7 10 19 20 23
13: 0 1 3 4 6 7 8 14 15 18 20 21 24
14: 1 4 10 13 15 16 19 20 21 22 24
15: 6 11 13 14 20
16: 0 2 4 11 14 17 21 22 24
17: 1 2 16
18: 0 1 3 6 8 13 19 20
19: 2 5 9 12 14 18 23 24
20: 8 10 12 13 14 15 18 21 23
21: 1 4 13 14 16 20
22: 2 3 5 6 8 14 16 24
23: 6 9 10 12 19 20
24: 0 3 7 8 11 13 14 16 19 22
