25
0: 1 2 3 4 5 9 12 13 14 19 20 21 23
1: 0 2 3 5 7 8 11 14 16 21 22 24
2: 0 1 3 4 6 7 8 9 10 12 13 15 18 20 21 22 23 24
3: 0 1 2 6 9 10 11 17 19 21
4: 0 2 10 11 12 13 14 15 19 22 23
5: 0 1 6 9 13 16 18 19 20 23
6: 2 3 5 8 13 16 18 19 21
7: 1 2 9 10 11 13 14 15 16 19 20 22 24
8: 1 2 6 10 12 14 15 16 18 19 22 24
9: 0 2 3 5 7 14 16 17 19 20 21 22 23 24
10: 2 3 4 7 8 12 18 21 22
11: 1 3 4 7 14 15 18 19 24
12: 0 2 4 8 10 13 14 16 18 19 20 21 24
13: 0 2 4 5 6 7 12 15 16 18 22 23 24
14: 0 1 4 7 8 9 11 12 15 16 21 22 23
15: 2 4 7 8 11 13 14 18 19 22 23
16: 1 5 6 7 8 9 12 13 14 17
17: 3 9 16 18 19 20 21 23 24
18: 2 5 6 8 10 11 12 13 15 17 20 22 23
19: 0 3 4 5 6 7 8 9 11 12 15 17 20 21
20: 0 2 5 7 9 12 17 18 19 21 23
21: 0 1 2 3 6 9 10 12 14 17 19 20 22 24
22: 1 2 4 7 8 9 10 13 14 15 18 21 23 24
23: 0 2 4 5 9 13 14 15 17 18 20 22 24
24: 1 2 7 8 9 11 12 13 17 21 22 23
