25
0: 1 2 3 4 6 7 8 9 10 11 12 13 14 15 16 17 20 21 24
1: 0 2 3 4 5 7 8 9 10 12 13 14 16 17 19 20
2: 0 1 3 4 5 6 7 8 9 12 14 15 17 18 19 20 21 24
3: 0 1 2 4 6 7 8 9 10 12 13 14 15 16 18 19 21 22 23
4: 0 1 2 3 5 7 9 10 11 16 17 18 20 22 23
5: 1 2 4 6 7 8 10 12 14 15 17 18 19 23 24
6: 0 2 3 5 10 12 13 14 16 17 18 20 21 22 24
7: 0 1 2 3 4 5 9 10 11 12 14 15 17 18 19 21 22 24
8: 0 1 2 3 5 9 10 11 12 13 14 15 17 19 21 22 24
9: 0 1 2 3 4 7 8 10 13 14 15 16 22 23 24
10: 0 1 3 4 5 6 7 8 9 11 12 13 14 15 17 18 19 20 21 22 23 24
11: 0 4 7 8 10 12 13 14 16 17 18 21 22 23 24
12: 0 1 2 3 5 6 7 8 10 11 14 15 16 18 19 21 23
13: 0 1 3 6 8 9 10 11 14 15 18 21 22 23
14: 0 1 2 3 5 6 7 8 9 10 11 12 13 15 17 21 24
15: 0 2 3 5 7 8 9 10 12 13 14 16 17 18 20 21
16: 0 1 3 4 6 9 11 12 15 18 19 21 22 23
17: 0 1 2 4 5 6 7 8 10 11 14 15 18 19 21
18: 2 3 4 5 6 7 10 11 12 13 15 16 17 19 21 22 23 24
19: 1 2 3 5 7 8 10 12 16 17 18 20 21 22 24
20: 0 1 2 4 6 10 15 19 22 24
21: 0 2 3 6 7 8 10 11 12 13 14 15 16 17 18 19 23 24
22: 3 4 6 7 8 9 10 11 13 16 18 19 20 23
23: 3 4 5 9 10 11 12 13 16 18 21 22 24
24: 0 2 5 6 7 8 9 10 11 14 18 19 20 21 23
