25
0: 1 3 5 10 12 19 21
1: 0 2 3 8 9 13 19
2: 1 4 5 6 12 18 19 22 24
3: 0 1 4 6 14 16 17 19 21 22
4: 2 3 7 15 18 21 22 24
5: 0 2 11 15 17 18 20 22 23
6: 2 3 7 8 9 10 13 15 16 17 20 22
7: 4 6 10 13 15 17 19 20 21 23 24
8: 1 6 9 13 14 15 21
9: 1 6 8 10 11 12 14 16 20 21
10: 0 6 7 9 11 18 24
11: 5 9 10 12 18 19 22
12: 0 2 9 11
13: 1 6 7 8 14 16 20 22 23
14: 3 8 9 13 16
15: 4 5 6 7 8 17 19 20
16: 3 6 9 13 14 17 23
17: 3 5 6 7 15 16 20 23
18: 2 4 5 10 11 22 23
19: 0 1 2 3 7 11 15 22 24
20: 5 6 7 9 13 15 17 23 24
21: 0 3 4 7 8 9 22
22: 2 3 4 5 6 11 13 18 19 21
23: 5 7 13 16 17 18 20
24: 2 4 7 10 19 20
