25
0: 1 3 6 9 11 13 14 15 16 18 19 20 23
1: 0 2 3 4 5 7 9 12 17 21 23
2: 1 4 5 9 11 16 17 20
3: 0 1 5 6 7 10 11 14 17 20
4: 1 2 5 6 7 8 10 11 18 20 21 22
5: 1 2 3 4 7 8 11 13 14 15 17 18 19 20 23 24
6: 0 3 4 7 8 10 11 12 13 14 15 16 17 19 21 24
7: 1 3 4 5 6 8 12 14 16 17 18 21 24
8: 4 5 6 7 9 11 13 18 19 23 24
9: 0 1 2 8 16 18 19 21
10: 3 4 6 12 13 14 17 18 19 21
11: 0 2 3 4 5 6 8 12 15 19 20 23
12: 1 6 7 10 11 13 14 15 17 19
13: 0 5 6 8 10 12 16 17 19 21 22 23 24
14: 0 3 5 6 7 10 12 15 16 17 23
15: 0 5 6 11 12 14 16 17 18 19 20 21 22 23 24
16: 0 2 6 7 9 13 14 15 18 19 20
17: 1 2 3 5 6 7 10 12 13 14 15 18 19 20 21 22 24
18: 0 4 5 7 8 9 10 15 16 17 19 23 24
19: 0 5 6 8 9 10 11 12 13 15 16 17 18 20 21 22 24
20: 0 2 3 4 5 11 15 16 17 19 22 24
21: 1 4 6 7 9 10 13 15 17 19
22: 4 13 15 17 19 20 23 24
23: 0 1 5 8 11 13 14 15 18 22 24
24: 5 6 7 8 13 15 17 18 19 20 22 23
