25
0: 1 2 3 4 6 7 9 10 11 12 13 14 15 16 17 18 19 20 21 22 23 24
1: 0 2 3 4 5 6 8 9 10 12 13 14 15 17 18 19 20 23 24
2: 0 1 3 4 5 6 7 8 9 10 12 13 15 16 18 19 21 22 23 24
3: 0 1 2 5 6 8 9 10 11 12 13 14 15 16 17 18 19 21 22 23 24
4: 0 1 2 5 6 7 8 9 10 11 12 13 14 15 17 18 19 20 21 22 23 24
5: 1 2 3 4 6 7 9 10 12 15 17 18 19 21 22 24
6: 0 1 2 3 4 5 8 9 10 11 12 13 14 15 16 17 18 19 21 22 23
7: 0 2 4 5 8 9 10 11 12 14 15 16 18 19 20 21 22 23 24
8: 1 2 3 4 6 7 9 12 14 16 17 19 20 21 22 23 24
9: 0 1 2 3 4 5 6 7 8 10 11 12 13 15 16 17 18 20 21 23 24
10: 0 1 2 3 4 5 6 7 9 11 12 13 14 15 16 17 19 20 21 22 23 24
11: 0 3 4 6 7 9 10 12 13 14 15 16 17 18 20 21 22 23 24
12: 0 1 2 3 4 5 6 7 8 9 10 11 13 14 15 16 17 18 19 20 21 22 23 24
13: 0 1 2 3 4 6 9 10 11 12 14 15 16 17 18 19 20 21 23 24
14: 0 1 3 4 6 7 8 10 11 12 13 15 17 18 20 21
15: 0 1 2 3 4 5 6 7 9 10 11 12 13 14 16 17 18 19 20 21 22 23
16: 0 2 3 6 7 8 9 10 11 12 13 15 17 18 20 21 22 23 24
17: 0 1 3 4 5 6 8 9 10 11 12 13 14 15 16 18 19 21 22 23 24
18: 0 1 2 3 4 5 6 7 9 11 12 13 14 15 16 17 19 20 21 22 23
19: 0 1 2 3 4 5 6 7 8 10 12 13 15 17 18 20 22 23 24
20: 0 1 4 7 8 9 10 11 12 13 14 15 16 18 19 21 22
21: 0 2 3 4 5 6 7 8 9 10 11 12 13 14 15 16 17 18 20 22 23 24
22: 0 2 3 4 5 6 7 8 10 11 12 15 16 17 18 19 20 21 23 24
23: 0 1 2 3 4 6 7 8 9 10 11 12 13 15 16 17 18 19 21 22 24
24: 0 1 2 3 4 5 7 8 9 10 11 12 13 16 17 19 21 22 23
