25
0: 1 3 4 5 8 10 11 13 15 16 19 20 21 22 24
1: 0 2 3 5 6 8 9 12 14 15 16 18 19 20 23 24
2: 1 7 8 9 10 12 13 14 16 18 21
3: 0 1 4 5 7 10 11 12 13 14 15 17 18 20 21 22 23
4: 0 3 5 6 7 8 10 11 12 15 17 18 20 21 23 24
5: 0 1 3 4 6 7 8 9 10 11 13 14 16 17 18 19 21 22
6: 1 4 5 9 10 11 13 14 15 16 17 18 19 20 22 23 24
7: 2 3 4 5 8 10 11 12 13 16 17 18 19 20 21 22 24
8: 0 1 2 4 5 7 10 13 14 15 16 18 24
9: 1 2 5 6 10 11 13 15 16 21 22 23
10: 0 2 3 4 5 6 7 8 9 13 14 15 16 18 20 21 22 23 24
11: 0 3 4 5 6 7 9 13 15 16 17 19 21 22 24
12: 1 2 3 4 7 14 15 16 18 19 20 22 23 24
13: 0 2 3 5 6 7 8 9 10 11 14 16 17 19 20 21 22 24
14: 1 2 3 5 6 8 10 12 13 15 16 17 18 19 20 21 22 23 24
15: 0 1 3 4 6 8 9 10 11 12 14 17 18 19 20 21 22 23 24
16: 0 1 2 5 6 7 8 9 10 11 12 13 14 17 18 19 20 22 23
17: 3 4 5 6 7 11 13 14 15 16 18 19 20
18: 1 2 3 4 5 6 7 8 10 12 14 15 16 17 21 22 23
19: 0 1 5 6 7 11 12 13 14 15 16 17 20 21 22 24
20: 0 1 3 4 6 7 10 12 13 14 15 16 17 19 23 24
21: 0 2 3 4 5 7 9 10 11 13 14 15 18 19 22 23 24
22: 0 3 5 6 7 9 10 11 12 13 14 15 16 18 19 21
23: 1 3 4 6 9 10 12 14 15 16 18 20 21 24
24: 0 1 4 6 7 8 10 11 12 13 14 15 19 20 21 23
