25
0: 1 2 3 4 5 6 9 10 11 12 13 15 16 17 18 22 23 24
1: 0 2 3 4 5 6 7 8 11 12 13 14 15 18 19 24
2: 0 1 3 4 5 6 7 8 11 12 15 16 17 18 19 20 21 23
3: 0 1 2 4 5 6 7 8 10 11 12 13 14 15 16 18 19 20 21 24
4: 0 1 2 3 5 9 11 16 17 18 20 22 23
5: 0 1 2 3 4 6 7 8 10 12 13 14 18 19 23
6: 0 1 2 3 5 7 9 10 11 13 14 16 18 19 22 23 24
7: 1 2 3 5 6 8 11 14 15 16 17 18 19 20 23 24
8: 1 2 3 5 7 9 10 11 13 14 15 17 18 19 22 23 24
9: 0 4 6 8 10 12 14 16 21 22 24
10: 0 3 5 6 8 9 11 12 13 15 16 18 20 21 23 24
11: 0 1 2 3 4 6 7 8 10 12 15 16 17 19 21 24
12: 0 1 2 3 5 9 10 11 13 14 15 16 17 18 19 20 21 22 24
13: 0 1 3 5 6 8 10 12 14 16 17 18 19 21 22 23
14: 1 3 5 6 7 8 9 12 13 15 16 17 18 19 21 22 23
15: 0 1 2 3 7 8 10 11 12 14 16 18 19 20 21 22 23 24
16: 0 2 3 4 6 7 9 10 11 12 13 14 15 17 19 21 23 24
17: 0 2 4 7 8 11 12 13 14 16 19 20 21 24
18: 0 1 2 3 4 5 6 7 8 10 12 13 14 15 19 21
19: 1 2 3 5 6 7 8 11 12 13 14 15 16 17 18 20 22 24
20: 2 3 4 7 10 12 15 17 19 23 24
21: 2 3 9 10 11 12 13 14 15 16 17 18 22 24
22: 0 4 6 8 9 12 13 14 15 19 21 23 24
23: 0 2 4 5 6 7 8 10 13 14 15 16 20 22 24
24: 0 1 3 6 7 8 9 10 11 12 15 16 17 19 20 21 22 23
