170
0: 1 2 9 12 14 20 24 31 34 35 38 39 40 41 50 67 68 73 83 86 94 119 128 130 132 136 137 141 142 150 160
1: 0 2 3 5 11 26 27 31 33 34 36 38 74 80 82 83 90 99 113 115 117 124 129 130 132 143 146 158
2: 0 1 4 6 9 15 18 19 21 23 28 45 47 61 68 77 98 101 113 115 131
3: 1 11 33 38 41 70 76 80 81 86 90 91 99 116 122 123 134 144 157 165 168
4: 2 7 13 16 20 25 38 49 57 61 86 105 106 112 132 152 161
5: 1 10 11 12 13 16 17 19 21 24 29 35 39 43 45 60 62 71 88 104 129 132 138 145 148 149 161 162
6: 2 8 12 19 23 24 26 27 29 44 45 48 49 51 63 70 83 84 88 95 98 107 109 117 127 143
7: 4 17 25 28 54 63 65 68 73 74 81 85 98 101 108 112 114 115 122 132 133 158 169
8: 6 9 10 13 14 27 35 44 87 123 144 148
9: 0 2 8 35 36 42 44 54 61 70 72 84 107 126 132 144 153 157 169
10: 5 8 15 16 30 31 33 34 41 52 57 61 64 67 70 72 73 87 89 94 110 115 119 126 166
11: 1 3 5 15 18 21 26 34 38 43 44 51 54 59 60 72 81 89 97 103 109 112 127 136 144 159 169
12: 0 5 6 13 20 25 46 48 49 67 77 78 86 91 98 113 121 123 126 129 136 143 154
13: 4 5 8 12 17 21 22 24 25 73 89 102 104 110 128 145 167
14: 0 8 15 26 33 50 54 62 75 82 87 90 113 144 145 147 155 157
15: 2 10 11 14 20 21 25 26 52 62 66 67 74 81 83 84 89 93 95 112 118 120 140
16: 4 5 10 20 23 43 48 51 63 65 70 72 94 98 121 122 125 137 139 143 146 152
17: 5 7 13 18 39 52 55 66 71 72 77 84 97 100 104 105 108 144 147 151 154 158 169
18: 2 11 17 22 37 44 52 62 69 70 72 81 90 103 109 124 127 128 131 132 134 137 165
19: 2 5 6 53 64 67 73 75 85 86 87 91 99 107 114 122 125 128 132 134 142 146 149 152 163 169
20: 0 4 12 15 16 32 35 36 41 44 61 74 80 108 118 122 123 142 146 149 156
21: 2 5 11 13 15 35 39 42 49 54 59 72 82 91 93 107 110 117 119 124 127 160 169
22: 13 18 26 32 46 55 65 67 78 80 86 89 99 105 109 116 127 131 152
23: 2 6 16 24 27 37 42 56 58 66 75 80 82 102 122 126 130 131 148 153
24: 0 5 6 13 23 30 41 53 67 70 72 81 93 95 96 122 127 133 134 144 158
25: 4 7 12 13 15 27 37 43 51 53 61 62 67 74 77 78 99 102 105 107 109 116 124 127 128 152 153 154
26: 1 6 11 14 15 22 30 38 47 60 66 67 90 103 117 121 124 125 128 132 138 142 143 150 164
27: 1 6 8 23 25 47 49 59 65 76 90 92 105 110 122 123 129 142 148 150 161
28: 2 7 50 71 79 90 95 97 105 112 119 124 128 133 146 151 153 158 164
29: 5 6 31 34 53 76 79 80 84 97 103 120 127 131 134 146 149 163 166
30: 10 24 26 31 62 68 93 94 103 108 119 122 137 142 150 157 164
31: 0 1 10 29 30 37 43 54 72 87 98 99 108 110 131 136 143 160 164 166
32: 20 22 37 54 57 67 68 74 76 77 94 97 119 128 144 148 149 161 162
33: 1 3 10 14 38 43 45 54 55 61 75 91 92 102 111 112 117 127 134 141 142 144 163 165 166
34: 0 1 10 11 29 35 40 52 63 65 68 80 83 84 93 95 100 111 145 154 160 161 165 166
35: 0 5 8 9 20 21 34 44 94 105 127 138 152 155 160
36: 1 9 20 50 70 78 88 90 97 98 99 110 121 124 132 135 149 162
37: 18 23 25 31 32 42 47 48 57 69 71 92 100 104 113 120 129 146 161 165 167
38: 0 1 3 4 11 26 33 39 46 47 50 56 73 92 94 104 107 110 115 120 132 133 135 148 151 165 166 169
39: 0 5 17 21 38 75 86 91 98 100 112 115 128 130 140 142 160 163 168
40: 0 34 54 61 69 76 77 80 85 87 91 94 102 106 108 121 164
41: 0 3 10 20 24 46 51 56 64 67 68 71 79 80 81 82 84 89 98 100 102 117 129 136 144 161 162
42: 9 21 23 37 51 64 80 84 85 87 119 137 166
43: 5 11 16 25 31 33 49 54 77 79 95 97 107 118 129 141 145 150 151 160
44: 6 8 9 11 18 20 35 47 56 59 77 93 104 112 119 121 129 139 157 164 168
45: 2 5 6 33 47 57 63 76 92 104 113 120 136 139 142 146 148 149 158 161 163
46: 12 22 38 41 51 53 58 69 90 91 92 108 115 126 132 134 140 145 155 166
47: 2 26 27 37 38 44 45 52 62 73 75 84 91 100 108 109 110 128 131 132 138 140 142 146 165 167 168 169
48: 6 12 16 37 52 56 71 88 92 95 104 107 121 126 141 142 144 150 154
49: 4 6 12 21 27 43 60 62 64 79 81 88 113 115 119 126 134 135 148 154 160 166
50: 0 14 28 36 38 63 67 68 75 76 77 104 107 113 118 125 144
51: 6 11 16 25 41 42 46 59 60 64 68 93 96 108 116 120 142 144 147 161 164
52: 10 15 17 18 34 47 48 58 64 66 77 80 109 127 147
53: 19 24 25 29 46 67 71 79 89 98 101 105 109 135 141 152 157 160 163 166
54: 7 9 11 14 21 31 32 33 40 43 57 62 65 71 87 95 105 131 140 142 146 153 155
55: 17 22 33 68 79 80 81 90 93 113 131 139 151 157 168
56: 23 38 41 44 48 76 81 84 86 87 88 108 109 138 150 169
57: 4 10 32 37 45 54 62 68 72 81 91 101 114 120 125 126 127 133 140 142 149 155 161
58: 23 46 52 59 77 82 85 86 106 108 131 145 147 158 164
59: 11 21 27 44 51 58 85 92 93 97 104 108 121 133 149 167
60: 5 11 26 49 51 65 76 77 97 110 118 125 145 161
61: 2 4 9 10 20 25 33 40 65 68 86 94 96 98 102 114 119 120 123 133 144 152 154 158 160
62: 5 14 15 18 25 30 47 49 54 57 90 101 103 114 141 148 169
63: 6 7 16 34 45 50 64 77 83 89 100 101 105 116 121 128 130 131 134 135 137 143 149 150 151 152
64: 10 19 41 42 49 51 52 63 70 71 76 82 102 120 123 133 137 143 153 159
65: 7 16 22 27 34 54 60 61 66 74 75 81 86 94 109 113 114 146 150 151 153
66: 15 17 23 26 52 65 69 73 78 79 85 86 93 101 114 123 146 164
67: 0 10 12 15 19 22 24 25 26 32 41 50 53 71 79 90 98 125 127 134 143 144 148 150 161 168
68: 0 2 7 30 32 34 41 50 51 55 57 61 84 91 106 109 124 126 130 135 139 140 152
69: 18 37 40 46 66 78 98 100 101 103 106 107 110 131 155
70: 3 6 9 10 16 18 24 36 64 84 93 95 106 108 119 121 124 137 139 142 145 146 152 157 160 163
71: 5 17 28 37 41 48 53 54 64 67 72 75 83 86 98 109 113 123 143 165
72: 9 10 11 16 17 18 21 24 31 57 71 94 97 101 103 110 123 128 150 168
73: 0 7 10 13 19 38 47 66 76 79 98 104 112 117 127 138 152 169
74: 1 7 15 20 25 32 65 85 92 100 101 104 120 137 143 152 157 166
75: 14 19 23 33 39 47 50 65 71 93 97 103 104 110 121 129 141 148 152 164
76: 3 27 29 32 40 45 50 56 60 64 73 79 80 85 99 129 140 166
77: 2 12 17 25 32 40 43 44 50 52 58 60 63 82 100 107 113 129 130 141 145 157 158 160 169
78: 12 22 25 36 66 69 102 103 104 108 118 130 136 160 166
79: 28 29 41 43 49 53 55 66 67 73 76 88 97 99 113 117 118 131 136 139 146
80: 1 3 20 22 23 29 34 40 41 42 52 55 76 81 94 100 107 115 117 132 137 142 145 152 153 159 163 164 168 169
81: 3 7 11 15 18 24 41 49 55 56 57 65 80 84 98 100 107 111 115 116 120 123 134 138 157
82: 1 14 21 23 41 58 64 77 113 135 151 160 162 167
83: 0 1 6 15 34 63 71 104 105 108 115 119 121 150 156 158 165
84: 6 9 15 17 29 34 41 42 47 56 68 70 81 86 105 110 112 116 118 124 128 131 134 138 145 146 152 153 155 168
85: 7 19 40 42 58 59 66 74 76 114 122 124 129 141 161 163 165 167
86: 0 3 4 12 19 22 39 56 58 61 65 66 71 84 93 126 135 140 145 154 155 157 162
87: 8 10 14 19 31 40 42 54 56 98 105 108 122 124 125 146 153 157 165 166 167
88: 5 6 36 48 49 56 79 90 102 106 118 119 141 144 154 165
89: 10 11 13 15 22 41 53 63 95 98 111 113 130 134 140 142
90: 1 3 14 18 26 27 28 36 46 55 62 67 88 99 107 108 109 112 117 123 145 157 167
91: 3 12 19 21 33 39 40 46 47 57 68 97 153
92: 27 33 37 38 45 46 48 59 74 114 159 160 166
93: 15 21 24 30 34 44 51 55 59 66 70 75 86 124 125 126 132 134 154 155 164 166
94: 0 10 16 30 32 35 38 40 61 65 72 80 97 107 110 113 114 119 144 151
95: 6 15 24 28 34 43 48 54 70 89 111 125 128 137 142 144 145 149 159 162 163 166
96: 24 51 61 104 108 134 136 149 150 151 165
97: 11 17 28 29 32 36 43 59 60 72 75 79 91 94 128 129
98: 2 6 7 12 16 31 36 39 41 53 61 67 69 71 73 81 87 89 103 106 109 111 113 133 156 164
99: 1 3 19 22 25 31 36 76 79 90 103 106 115 119 126 128 137 144 155 164 169
100: 17 34 37 39 41 47 63 69 74 77 80 81 105 106 115 127 136 141 147 148 168
101: 2 7 53 57 62 63 66 69 72 74 125 127 128 129 136 142 147 161
102: 13 23 25 33 40 41 61 64 78 88 126 132 139 141 142 155 165 166 167
103: 11 18 26 29 30 62 69 72 75 78 98 99 108 136 150 157 169
104: 5 13 17 37 38 44 45 48 50 59 73 74 75 78 83 96 121 134 135 139 161 168
105: 4 17 22 25 27 28 35 53 54 63 83 84 87 100 109 111 148 153 156
106: 4 40 58 68 69 70 88 98 99 100 112 115 121 129 131 139 155
107: 6 9 19 21 25 38 43 48 50 69 77 80 81 90 94 114 115 121 127 148 149
108: 7 17 20 30 31 40 46 47 51 56 58 59 70 78 83 87 90 96 103 109 113 131 137 144 169
109: 6 11 18 22 25 47 52 53 56 65 68 71 90 98 105 108 116 119 126 138 162 167
110: 10 13 21 27 31 36 38 47 60 69 72 75 84 94 113 121 157
111: 33 34 81 89 95 98 105 114 116 117 143 148 156 166
112: 4 7 11 15 28 33 39 44 73 84 90 106 118 133 134 137 145 146 158 167
113: 1 2 12 14 37 45 49 50 55 65 71 77 79 82 89 94 98 108 110 122 130 141 149 150 162
114: 7 19 57 61 62 65 66 85 92 94 107 111 116 118 136 148 156 158 162
115: 1 2 7 10 38 39 46 49 80 81 83 99 100 106 107 124 131 147 151 158 166
116: 3 22 25 51 63 81 84 109 111 114 121 132 139 152
117: 1 6 21 26 33 41 73 79 80 90 111 127 138 153 156 159
118: 15 20 43 50 60 78 79 84 88 112 114 129 141 142 164 166 169
119: 0 10 21 28 30 32 42 44 49 61 70 83 88 94 99 109 125 132 135 147 152 156 158 161
120: 15 29 37 38 45 51 57 61 64 74 81 125 130 139 144 168
121: 12 16 26 36 40 44 48 59 63 70 75 83 104 106 107 110 116 126 155
122: 3 7 16 19 20 23 24 27 30 85 87 113 126 128 162 163 168 169
123: 3 8 12 20 27 61 64 66 71 72 81 90 125 135 144 155 166
124: 1 18 21 25 26 28 36 68 70 84 85 87 93 115 129 133
125: 16 19 26 50 57 60 67 87 93 95 101 119 120 123 130
126: 9 10 12 23 46 48 49 57 68 86 93 99 102 109 121 122 131 138 142 148 162 167
127: 6 11 18 21 22 24 25 29 33 35 52 57 67 73 100 101 107 117 141 148 149 157 160
128: 0 13 18 19 25 26 28 32 39 47 63 72 84 95 97 99 101 122 136 165
129: 1 5 12 27 37 41 43 44 75 76 77 85 97 101 106 118 124 135 140 145 158 168 169
130: 0 1 23 39 63 68 77 78 89 113 120 125 136 137 146 151 157
131: 2 18 22 23 29 31 47 54 55 58 63 69 79 84 106 108 115 126 134 138 154
132: 0 1 4 5 7 9 18 19 26 36 38 46 47 80 93 102 116 119 141 151 159 161
133: 7 24 28 38 57 59 61 64 98 112 124 156
134: 3 18 19 24 29 33 46 49 63 67 81 84 89 93 96 104 112 131 138
135: 36 38 49 53 63 68 82 86 104 119 123 129 159 166
136: 0 11 12 31 41 45 78 79 96 100 101 103 114 128 130 142 145 149 150 153 159 168
137: 0 16 18 30 42 63 64 70 74 80 95 99 108 112 130 146 167 168 169
138: 5 26 35 47 56 73 81 84 109 117 126 131 134 146 163 168
139: 16 44 45 55 68 70 79 102 104 106 116 120 143 150 151 157 159 160 164 167
140: 15 39 46 47 54 57 68 76 86 89 129 147 155 160
141: 0 33 43 48 53 62 75 77 85 88 100 102 113 118 127 132 142 147 150 163
142: 0 19 20 26 27 30 33 39 45 47 48 51 54 57 70 80 89 95 101 102 118 126 136 141 152 161 166
143: 1 6 12 16 26 31 63 64 67 71 74 111 139 151 155 163 169
144: 3 8 9 11 14 17 24 32 33 41 48 50 51 61 67 88 94 95 99 108 120 123 145 146 148 149 159 163
145: 5 13 14 34 43 46 58 60 70 77 80 84 86 90 95 112 129 136 144 160 169
146: 1 16 19 20 28 29 37 45 47 54 65 66 70 79 84 87 112 130 137 138 144 150 155 157 158 162 163
147: 14 17 51 52 58 100 101 115 119 140 141
148: 5 8 23 27 32 38 45 49 62 67 75 100 105 107 111 114 126 127 144 154 164 168
149: 5 19 20 29 32 36 45 57 59 63 95 96 107 113 127 136 144 164
150: 0 26 27 30 43 48 56 63 65 67 72 83 96 103 113 136 139 141 146 155 167
151: 17 28 38 43 55 63 65 82 94 96 115 130 132 139 143
152: 4 16 19 22 25 35 53 61 63 68 70 73 74 75 80 84 116 119 142 157 161
153: 9 23 25 28 54 64 65 80 84 87 91 105 117 136
154: 12 17 25 34 48 49 61 86 88 93 131 148
155: 14 35 46 54 57 69 84 86 93 99 102 106 121 123 140 143 146 150 160 162 168
156: 20 83 98 105 111 114 117 119 133 159 162
157: 3 9 14 30 44 53 55 70 74 77 81 86 87 90 103 110 127 130 139 146 152 160 164 169
158: 1 7 17 24 28 45 58 61 77 83 112 114 115 119 129 146 161
159: 11 64 80 92 95 117 132 135 136 139 144 156 162
160: 0 21 31 34 35 39 43 49 53 61 70 77 78 82 92 127 139 140 145 155 157 161
161: 4 5 27 32 34 37 41 45 51 57 60 67 85 101 104 119 132 142 152 158 160 165 167
162: 5 32 36 41 82 86 95 109 113 114 122 126 146 155 156 159
163: 19 29 33 39 45 53 70 80 85 95 122 138 141 143 144 146 164 169
164: 26 28 30 31 40 44 51 58 66 75 80 93 98 99 118 139 148 149 157 163
165: 3 18 33 34 37 38 47 71 83 85 87 88 96 102 128 161
166: 10 29 31 33 34 38 42 46 49 53 74 76 78 87 92 93 95 102 111 115 118 123 135 142
167: 13 37 47 59 82 85 87 90 102 109 112 126 137 139 150 161 169
168: 3 39 44 47 55 67 72 80 84 100 104 120 122 129 136 137 138 148 155
169: 7 9 11 17 19 21 38 47 56 62 73 77 80 99 103 108 118 122 129 137 143 145 157 163 167
