100
0: 1 2 3 4 5 7 13 18 20 22 23 30 31 32 40 41 42 43 44 51 59 62 69 73 83 97 98 99
1: 0 3 4 5 8 9 11 29 40 43 50 53 58 63 64 69 74 82 87 88 90 93 95
2: 0 8 9 11 16 17 20 23 26 31 36 45 47 49 62 65 70 75 76 94
3: 0 1 4 5 8 9 10 11 20 35 38 40 41 43 44 54 55 58 59 61 64 77 91
4: 0 1 3 6 11 12 14 15 16 18 21 27 29 31 36 40 44 48 51 68 70 73
5: 0 1 3 19 29 36 48 58 63 65 66 67 68 69 75 77 83 97
6: 4 14 15 21 22 26 32 41 42 44 59 75 80 86 90 92 98
7: 0 11 17 19 21 22 40 41 42 43 47 48 67 68 72 76 78 79 80 84 90 93 98
8: 1 2 3 11 14 21 24 25 26 37 41 46 49 54 55 63 67 77 84 91 93 95 96
9: 1 2 3 11 12 14 17 18 28 37 44 54 64 66 68 82 88 89 94 96 99
10: 3 11 12 14 16 22 28 31 32 33 39 50 52 59 84 85 88 93 97 98
11: 1 2 3 4 7 8 9 10 13 14 18 22 25 28 30 35 37 42 43 48 54 55 60 73 80 88
12: 4 9 10 16 23 27 30 33 39 54 69 74 84 86 87 96 98
13: 0 11 14 21 23 29 39 45 46 58 75 91 93 96 97
14: 4 6 8 9 10 11 13 23 28 33 38 39 41 48 49 50 57 66 71 72 95 99
15: 4 6 17 31 32 34 35 38 43 45 52 53 59 62 68 71 77 79 82 89 95
16: 2 4 10 12 18 24 31 33 40 47 48 57 63 75 79 81 82 88 89 90 95
17: 2 7 9 15 27 42 53 56 62 64 66 69 79 82 87 98
18: 0 4 9 11 16 19 23 24 32 36 37 38 51 52 53 56 59 61 68 71 72 73 76 81 83 87
19: 5 7 18 21 35 36 42 45 47 50 57 60 62 69 74 78 80 81 95
20: 0 2 3 22 24 25 28 30 31 41 42 43 52 58 61 65 67 71 84 88 90 92 94 98
21: 4 6 7 8 13 19 22 23 26 32 43 44 45 46 52 81 82 88
22: 0 6 7 10 11 20 21 33 34 38 44 49 51 57 59 61 64 66 69 84 85 88 89 90 92 98 99
23: 0 2 12 13 14 18 21 31 36 39 42 51 57 59 60 65 69 74 81 96 98 99
24: 8 16 18 20 28 34 38 45 46 51 58 59 63 64 69 70 71 75 80 88 90 92 94 95 96
25: 8 11 20 26 31 32 42 51 54 60 62 73 78 87
26: 2 6 8 21 25 28 35 42 43 45 59 61 67 79 85 87 89 96
27: 4 12 17 30 32 34 35 36 39 51 55 56 72 74 77 78 79 80 83 89 97
28: 9 10 11 14 20 24 26 29 44 53 55 75 77 78 80 85 86 97
29: 1 4 5 13 28 36 45 49 54 55 67 72 75 79 90 98
30: 0 11 12 20 27 37 61 65 72 84 85 93
31: 0 2 4 10 15 16 20 23 25 32 33 38 39 40 49 50 52 59 62 66 67 71 72 74 78 84 85 86 87 88 99
32: 0 6 10 15 18 21 25 27 31 34 35 43 44 46 51 59 76 79 84 97
33: 10 12 14 16 22 31 48 54 55 58 61 62 76 79 83 87
34: 15 22 24 27 32 44 50 51 53 59 72 78 79 80 83 85 86 91 96 97
35: 3 11 15 19 26 27 32 47 50 54 56 60 66 79 80 82 83 89
36: 2 4 5 18 19 23 27 29 39 46 50 52 85 92 94 98
37: 8 9 11 18 30 39 43 48 57 58 59 62 70 76 77 78 86 92 94
38: 3 14 15 18 22 24 31 57 63 68 71 88 93
39: 10 12 13 14 23 27 31 36 37 45 46 53 58 61 74 77 79 81 82 93 96
40: 0 1 3 4 7 16 31 44 49 64 75 81 84 97
41: 0 3 6 7 8 14 20 46 54 61 72 75 78 90 97 98
42: 0 6 7 11 17 19 20 23 25 26 44 49 55 58 59 65 72 73 75 76
43: 0 1 3 7 11 15 20 21 26 32 37 49 55 56 57 62 69 73 74 78 79 82 83 85 86 87 90 91 97
44: 0 3 4 6 9 21 22 28 32 34 40 42 45 69 71 76 78 85 98
45: 2 13 15 19 21 24 26 29 39 44 49 62 63 71 72 74 77 79 92 95 97
46: 8 13 21 24 32 36 39 41 47 50 53 54 57 67 69 71 83 86 97
47: 2 7 16 19 35 46 49 53 59 69 71 74 76 81 82 86 92 96
48: 4 5 7 11 14 16 33 37 53 63 67 70 71 82 93
49: 2 8 14 22 29 31 40 42 43 45 47 50 59 60 64 68 75 77 87 91 92 93
50: 1 10 14 19 31 34 35 36 46 49 55 56 60 65 72 73 74 80 82 83 84 87 96
51: 0 4 18 22 23 24 25 27 32 34 61 68 87 92 94 95 97
52: 10 15 18 20 21 31 36 59 70 75 80 81 86 88 91 93
53: 1 15 17 18 28 34 39 46 47 48 57 64 66 67 69 71 72 73 74 78 86 94 98
54: 3 8 9 11 12 25 29 33 35 41 46 57 59 61 66 68 76 86 87 92 93 94 96
55: 3 8 11 27 28 29 33 42 43 50 56 57 62 66 67 71 72 74 79 85 86 87
56: 17 18 27 35 43 50 55 64 72 74 76 79 82 83 84 87 89 95
57: 14 16 19 22 23 37 38 43 46 53 54 55 58 60 61 65 71 73 75 77 79 80 89 93
58: 1 3 5 13 20 24 33 37 39 42 57 66 71 82 85 87 93 99
59: 0 3 6 10 15 18 22 23 24 26 31 32 34 37 42 47 49 52 54 65 72 78 79 80 94 98 99
60: 11 19 23 25 35 49 50 57 79 81 85 90 98 99
61: 3 18 20 22 26 30 33 39 41 51 54 57 65 67 68 70 72 82 91 94 95
62: 0 2 15 17 19 25 31 33 37 43 45 55 65 73 82 83 84 87 90 91 96 99
63: 1 5 8 16 24 38 45 48 65 71 90 91 93 95 97
64: 1 3 9 17 22 24 40 49 53 56 67 76 79 98
65: 2 5 20 23 30 42 50 57 59 61 62 63 66 67 73 75 77 99
66: 5 9 14 17 22 31 35 53 54 55 58 65 69 75 76 78 92
67: 5 7 8 20 26 29 31 46 48 53 55 61 64 65 77 78 83 85 87 88 96
68: 4 5 7 9 15 18 38 49 51 54 61 73 76 83 85 92 93 95
69: 0 1 5 12 17 19 22 23 24 43 44 46 47 53 66 92
70: 2 4 24 37 48 52 61 72 73 74 83 87
71: 14 15 18 20 24 31 38 44 45 46 47 48 53 55 57 58 63 75 77 81 83 88 90 94 95 98
72: 7 14 18 27 29 30 31 34 41 42 45 50 53 55 56 59 61 70 85 87 92 93 96 97 99
73: 0 4 11 18 25 42 43 50 53 57 62 65 68 70 93
74: 1 12 19 23 27 31 39 43 45 47 50 53 55 56 70 76 77 78 79 83 84 88 93 95 97 98 99
75: 2 5 6 13 16 24 28 29 40 41 42 49 52 57 65 66 71 81 92 94 99
76: 2 7 18 32 33 37 42 44 47 54 56 64 66 68 74 81 84 85 87 93 97
77: 3 5 8 15 27 28 37 39 45 49 57 65 67 71 74 78 84 87 88 91 95
78: 7 19 25 27 28 31 34 37 41 43 44 53 59 66 67 74 77 83 89 91 95 99
79: 7 15 16 17 26 27 29 32 33 34 35 39 43 45 55 56 57 59 60 64 74 83 98
80: 6 7 11 19 24 27 28 34 35 50 52 57 59 84 91 96 99
81: 16 18 19 21 23 39 40 47 52 60 71 75 76 94
82: 1 9 15 16 17 21 35 39 43 47 48 50 56 58 61 62 85 86 94 95
83: 0 5 18 27 33 34 35 43 46 50 56 62 67 68 70 71 74 78 79 91 95 96 97 99
84: 7 8 10 12 20 22 30 31 32 40 50 56 62 74 76 77 80 92 98
85: 10 22 26 28 30 31 34 36 43 44 55 58 60 67 68 72 76 82 89 94 98
86: 6 12 28 31 34 37 43 46 47 52 53 54 55 82 90 92 96
87: 1 12 17 18 25 26 31 33 43 49 50 51 54 55 56 58 62 67 70 72 76 77 96 97 98 99
88: 1 9 10 11 16 20 21 22 24 31 38 52 67 71 74 77 98
89: 9 15 16 22 26 27 35 56 57 78 85 95 96 97
90: 1 6 7 16 20 22 24 29 41 43 60 62 63 71 86 91 95 96
91: 3 8 13 34 43 49 52 61 62 63 77 78 80 83 90 93 96
92: 6 20 22 24 36 37 45 47 49 51 54 66 68 69 72 75 84 86 96
93: 1 7 8 10 13 30 38 39 48 49 52 54 57 58 63 68 72 73 74 76 91 96 97 99
94: 2 9 20 24 36 37 51 53 54 59 61 71 75 81 82 85
95: 1 8 14 15 16 19 24 45 51 56 61 63 68 71 74 77 78 82 83 89 90
96: 8 9 12 13 23 24 26 34 39 47 50 54 62 67 72 80 83 86 87 89 90 91 92 93 98 99
97: 0 5 10 13 27 28 32 34 40 41 43 45 46 51 63 72 74 76 83 87 89 93
98: 0 6 7 10 12 17 20 22 23 29 36 41 44 53 59 60 64 71 74 79 84 85 87 88 96
99: 0 9 14 22 23 31 58 59 60 62 65 72 74 75 78 80 83 87 93 96
