100
0: 1 2 3 7 17 25 27 31 37 39 43 51 63 74 93
1: 0 3 5 9 12 16 18 31 38 39 47 55 76 77 83 99
2: 0 4 28 32 33 36 47 53 64 67 69 73 74
3: 0 1 4 5 7 11 20 25 31 38 39 42 53 56 59 65 68 70 77 79 81 87 90 92
4: 2 3 6 14 15 16 39 50 51 55 61 69 86
5: 1 3 8 10 12 18 27 29 37 46 57 66 80 93 96 98 99
6: 4 12 13 16 19 21 22 23 24 49 50 54 56 58 81 82
7: 0 3 14 17 24 34 48 55 59 64 69 75 76 84 97
8: 5 21 27 30 32 35 40 44 52 55 73 76 79 83 92 98
9: 1 18 33 35 46 49 52 57 60 61 72 76 82 90 99
10: 5 12 17 42 56 58 63 70 84 91
11: 3 14 15 18 19 22 50 65 68 76 77 81 87 98
12: 1 5 6 10 19 21 29 36 41 45 55 60 68 72 77 78 82 86 91 95 96
13: 6 14 19 27 30 31 33 38 47 86 87
14: 4 7 11 13 34 35 42 52 54 57 60 71 82 83 92
15: 4 11 19 23 28 34 51 74 78 82 87 92 96 97
16: 1 4 6 17 24 26 30 31 36 38 46 56 61 64 70 75 84 85 87 88 89 94
17: 0 7 10 16 20 26 29 31 42 51 54 68 82 86 97
18: 1 5 9 11 30 34 42 44 45 50 70 75 84 95
19: 6 11 12 13 15 20 21 22 24 25 32 35 38 40 46 47 52 72 78 80 86 96 97
20: 3 17 19 21 28 29 30 40 55 60 68 87 89 95
21: 6 8 12 19 20 23 25 30 31 36 42 58 60 67 79 82 86
22: 6 11 19 24 27 34 37 49 55 59 77 79 80 81 84 91 92 94
23: 6 15 21 24 28 40 49 55 61 77 82 87
24: 6 7 16 19 22 23 30 31 34 50 54 57 72 83 91
25: 0 3 19 21 36 38 40 48 50 51 56 60 62 75 82 87 98
26: 16 17 42 59 69 72 90 97
27: 0 5 8 13 22 29 31 34 44 49 51 54 58 65 72 88 90 98
28: 2 15 20 23 37 39 51 54 58 64 67 73 74 76 97
29: 5 12 17 20 27 42 44 46 57 69 72 75 89 96 98
30: 8 13 16 18 20 21 24 31 33 40 41 44 51 54 64 65 67 70 75 80 84 90 91
31: 0 1 3 13 16 17 21 24 27 30 45 59 65 67 71 74 80 92
32: 2 8 19 34 43 45 50 55 62 63 67 72 78 83 92 93 95
33: 2 9 13 30 46 49 50 53 54 57 60 64 70 83 88 89 94
34: 7 14 15 18 22 24 27 32 46 52 56 60 72 75 78 82 89 90
35: 8 9 14 19 48 52 57 58 61 66 72 73 75 77 79 81 91 92 95 96 98
36: 2 12 16 21 25 37 58 67 80 81 82 84 96 99
37: 0 5 22 28 36 42 44 45 46 48 53 55 58 60 61 77 78 79 91 93 97
38: 1 3 13 16 19 25 41 52 66 72 97
39: 0 1 3 4 28 42 43 47 63 75 82 83
40: 8 19 20 23 25 30 41 42 51 57 60 65 72 83 89 91 93 97 99
41: 12 30 38 40 52 60 63 65 79 81 86 98
42: 3 10 14 17 18 21 26 29 37 39 40 43 46 49 53 61 70 71 80 95 99
43: 0 32 39 42 47 79 86 87 88 91 95 96 98
44: 8 18 27 29 30 37 46 62 85 86 95
45: 12 18 31 32 37 51 60 70 72 86 87
46: 5 9 16 19 29 33 34 37 42 44 50 56 58 61 65 68 70 71 76 78
47: 1 2 13 19 39 43 48 50 52 55 57 73 76 79 87 91
48: 7 25 35 37 47 61 69 82 83 87 91
49: 6 9 22 23 27 33 42 58 59 68 74 75 87 89 92
50: 4 6 11 18 24 25 32 33 46 47 52 53 58 62 64 70 78 85 88
51: 0 4 15 17 25 27 28 30 40 45 58 64 74 77 79 83 97
52: 8 9 14 19 34 35 38 41 47 50 55 57 58 59 61 62 64 70 71 74 92 93 94 96
53: 2 3 33 37 42 50 54 62 66 72 93 95 96 97
54: 6 14 17 24 27 28 30 33 53 63 87 88 98
55: 1 4 7 8 12 20 22 23 32 37 47 52 56 63 66 67 79
56: 3 6 10 16 25 34 46 55 57 58 71 72 77 80 85 88 90 94 99
57: 5 9 14 24 29 33 35 40 47 52 56 67 70 72 75 76 86 91 94
58: 6 10 21 27 28 35 36 37 46 49 50 51 52 56 66 76 78 79 85 88 93 97
59: 3 7 22 26 31 49 52 76 82 87 95 98
60: 9 12 14 20 21 25 33 34 37 40 41 45 61 70 76 79 99
61: 4 9 16 23 35 37 42 46 48 52 60 90
62: 25 32 44 50 52 53 86 87 95 97
63: 0 10 32 39 41 54 55 64 70 72 75 76 80 84 85 98 99
64: 2 7 16 28 30 33 50 51 52 63 68 69 74
65: 3 11 27 30 31 40 41 46 72 76 83 87 93 96
66: 5 35 38 53 55 58 68 69 80 83 94 98
67: 2 21 28 30 31 32 36 55 57 74 77 78 82 91 95
68: 3 11 12 17 20 46 49 64 66 69 74 75 84 88 89 99
69: 2 4 7 26 29 48 64 66 68 70 71 72 73 74 75 78 79 81 85
70: 3 10 16 18 30 33 42 45 46 50 52 57 60 63 69 78 83 89 93
71: 14 31 42 46 52 56 69 75 86 90 92 97
72: 9 12 19 24 26 27 29 32 34 35 38 40 45 53 56 57 63 65 69 79 80 81 87 96
73: 2 8 28 35 47 69
74: 0 2 15 28 31 49 51 52 64 67 68 69 83 86 96 98
75: 7 16 18 25 29 30 34 35 39 49 57 63 68 69 71 77 85 88 93
76: 1 7 8 9 11 28 46 47 57 58 59 60 63 65 77 80 82 86 87
77: 1 3 11 12 22 23 35 37 51 56 67 75 76 96
78: 12 15 19 32 34 37 46 50 58 67 69 70 79 81 85 98
79: 3 8 21 22 35 37 41 43 47 51 55 58 60 69 72 78 84 87 95 98
80: 5 19 22 30 31 36 42 56 63 66 72 76 84 88
81: 3 6 11 22 35 36 41 69 72 78 88 89 92 96 98
82: 6 9 12 14 15 17 21 23 25 34 36 39 48 59 67 76 89
83: 1 8 14 24 32 33 39 40 48 51 65 66 70 74 85 92 94 98
84: 7 10 16 18 22 30 36 63 68 79 80 90 91 99
85: 16 44 50 56 58 63 69 75 78 83 90 95
86: 4 12 13 17 19 21 41 43 44 45 57 62 71 74 76 88 89 91 94 95 96
87: 3 11 13 15 16 20 23 25 43 45 47 48 49 54 59 62 65 72 76 79 88 89 97
88: 16 27 33 43 50 54 56 58 68 75 80 81 86 87 89 91 92 95
89: 16 20 29 33 34 40 49 68 70 81 82 86 87 88 94 95 98 99
90: 3 9 26 27 30 34 56 61 71 84 85
91: 10 12 22 24 30 35 37 40 43 47 48 57 67 84 86 88 97
92: 3 8 14 15 22 31 32 35 49 52 71 81 83 88 93 95
93: 0 5 32 37 40 52 53 58 65 70 75 92
94: 16 22 33 52 56 57 66 83 86 89 95 97 99
95: 12 18 20 32 35 42 43 44 53 59 62 67 79 85 86 88 89 92 94
96: 5 12 15 19 29 35 36 43 52 53 65 72 74 77 81 86 97
97: 7 15 17 19 26 28 37 38 40 51 53 58 62 71 87 91 94 96
98: 5 8 11 25 27 29 35 41 43 54 59 63 66 74 78 79 81 83 89
99: 1 5 9 36 40 42 56 60 63 68 84 89 94
