100
0: 1 5 16 19 32 38 44 46 56 58 64 67 77 86
1: 0 2 3 8 9 15 30 60 62 78 92
2: 1 4 43 65 66 85 99
3: 1 6 7 9 24 63 96
4: 2 11 15 37 41 48 52 86
5: 0 8 20 25 36 41 44 47 55 67 79 84 92 94
6: 3 20 25 28 35 37 41 56 74 76
7: 3 18 29 30 35 48 53 56 63 68 69 88 97
8: 1 5 10 12 23 26 29 37 39 42 43 66 83
9: 1 3 24
10: 8 13 17 18 49 61 62 86
11: 4 13 24 32 40 42 50 51 52 81
12: 8 14 23 38 42 52 68 80 85 87 89 91 92
13: 10 11 19 65 74 92 96
14: 12 34 39 45 57 77 84 86 88 95
15: 1 4 20 34 39 65 66 89 94
16: 0 19 21 25 26 40 60 68 80 81 82 98 99
17: 10 22 47 52 57 67 88 93
18: 7 10 48 50 55 59 98
19: 0 13 16 31 33 36 52 87
20: 5 6 15 22 36 53 64 75 78 85 98
21: 16 25 27 32 38 62 68 71 83
22: 17 20 41 56 70 83
23: 8 12 39 53 66 80
24: 3 9 11 27 57 75 83
25: 5 6 16 21 27 36 39 41 52 62
26: 8 16 28 44 54 82 88
27: 21 24 25 36 39 41 54 75 81 86
28: 6 26 30 31 45 71
29: 7 8 42 61 71 74
30: 1 7 28 36 55 57 84 87
31: 19 28 33 35 47 62 64 70 90 94 99
32: 0 11 21 34 50 53 69 71 73 90
33: 19 31 34 44 58 65 74
34: 14 15 32 33 62 69 89 91
35: 6 7 31 52 55 69 80
36: 5 19 20 25 27 30 44 79 92 96
37: 4 6 8 40 61 71 99
38: 0 12 21 48 77
39: 8 14 15 23 25 27 43 45
40: 11 16 37 48 61 68 73 87 96
41: 4 5 6 22 25 27 48 51 72 80 95 97
42: 8 11 12 29 47 54
43: 2 8 39 94
44: 0 5 26 33 36 55 60 76 86 99
45: 14 28 39 46 69 97
46: 0 45 58 59 88 96 97
47: 5 17 31 42 56 72 87
48: 4 7 18 38 40 41 49 55 57 76 79
49: 10 48 54 61
50: 11 18 32 61 70 77 78 93
51: 11 41 63 96
52: 4 11 12 17 19 25 35 61 65 70 73 80 85
53: 7 20 23 32 65 97
54: 26 27 42 49 58 70 71 73 74 84 94 95
55: 5 18 30 35 44 48 74 83
56: 0 6 7 22 47 63 80 82 94
57: 14 17 24 30 48 72 99
58: 0 33 46 54 60 64
59: 18 46 60 68 81 83
60: 1 16 44 58 59 73 76 87 90 92
61: 10 29 37 40 49 50 52 64 70 80 87
62: 1 10 21 25 31 34 66 73
63: 3 7 51 56 64 80 90
64: 0 20 31 58 61 63 70 87
65: 2 13 15 33 52 53 80
66: 2 8 15 23 62 69 80 84
67: 0 5 17 84 86
68: 7 12 16 21 40 59 73 74 84
69: 7 32 34 35 45 66 80 82
70: 22 31 50 52 54 61 64 97
71: 21 28 29 32 37 54 80
72: 41 47 57 82 94
73: 32 40 52 54 60 62 68
74: 6 13 29 33 54 55 68
75: 20 24 27 84 95
76: 6 44 48 60 96
77: 0 14 38 50 87
78: 1 20 50
79: 5 36 48 84 87 95
80: 12 16 23 35 41 52 56 61 63 65 66 69 71 96
81: 11 16 27 59 95 97
82: 16 26 56 69 72
83: 8 21 22 24 55 59 88 99
84: 5 14 30 54 66 67 68 75 79
85: 2 12 20 52 97
86: 0 4 10 14 27 44 67
87: 12 19 30 40 47 60 61 64 77 79
88: 7 14 17 26 46 83 89 91
89: 12 15 34 88 90 91 92
90: 31 32 60 63 89 91 93
91: 12 34 88 89 90 93
92: 1 5 12 13 36 60 89 97 98
93: 17 50 90 91
94: 5 15 31 43 54 56 72 95
95: 14 41 54 75 79 81 94 96
96: 3 13 36 40 46 51 76 80 95 98
97: 7 41 45 46 53 70 81 85 92 99
98: 16 18 20 92 96
99: 2 16 31 37 44 57 83 97
