100
0: 1 2 9 30 48 53
1: 0 4 17 18 45 47 52 94
2: 0 3 4 10 14 16 18 75 95 98
3: 2 5 24 26 41 55
4: 1 2 8 11 13 15 38
5: 3 6 7 25 26
6: 5 12 31 60 62 89
7: 5 29 46
8: 4 35 59 76 78
9: 0 19 81 82
10: 2 36 51 78 87
11: 4 21 76
12: 6 20 22 23 26 34
13: 4 17 32 64
14: 2 24 29 33 38
15: 4 23 30 52 54 64
16: 2 28 72
17: 1 13 55 87
18: 1 2 21
19: 9 39
20: 12 23 25 32 66 77
21: 11 18 27 42
22: 12 30 41
23: 12 15 20 37 44 53
24: 3 14 69 79 87
25: 5 20
26: 3 5 12 27 34 37 58
27: 21 26 29 39 78
28: 16 57 72 77
29: 7 14 27 94 95
30: 0 15 22 48 58 66
31: 6 44 64
32: 13 20 75
33: 14 61 64
34: 12 26 36 66 94
35: 8 40 56 60 70 79 90
36: 10 34 51 55
37: 23 26 47 90
38: 4 14 47 50 64 81
39: 19 27 65 66 98
40: 35 53 79
41: 3 22 43 57 83 84 90
42: 21 57 64 93
43: 41 52 96 99
44: 23 31 62 77 84 93
45: 1 80 83
46: 7 78
47: 1 37 38 49 57 63
48: 0 30 82 96
49: 47
50: 38 84 89
51: 10 36 76 92
52: 1 15 43
53: 0 23 40 66 82
54: 15
55: 3 17 36 68 84
56: 35
57: 28 41 42 47 67 74
58: 26 30 59 67 98
59: 8 58 68
60: 6 35 97
61: 33 91
62: 6 44 99
63: 47 85
64: 13 15 31 33 38 42 73
65: 39
66: 20 30 34 39 53
67: 57 58 80 84
68: 55 59 69 83
69: 24 68 71 83
70: 35 73
71: 69
72: 16 28 95
73: 64 70 86 87 92
74: 57 90
75: 2 32 96 99
76: 8 11 51 80
77: 20 28 44 97
78: 8 10 27 46
79: 24 35 40
80: 45 67 76 94
81: 9 38 88
82: 9 48 53 99
83: 41 45 68 69
84: 41 44 50 55 67
85: 63 86 93
86: 73 85
87: 10 17 24 73 88
88: 81 87
89: 6 50
90: 35 37 41 74
91: 61
92: 51 73
93: 42 44 85
94: 1 29 34 80
95: 2 29 72
96: 43 48 75
97: 60 77
98: 2 39 58
99: 43 62 75 82
