100
0: 1 2 5 6 15 22 35 40 62 69 72 83 95
1: 0 2 3 4 5 9 13 15 17 18 31 34 42 45 64 85 98 99
2: 0 1 8 11 17 21 37 40 41 49 50 52 53 61 68 91 96
3: 1 7 9 19 21 31 46 49 53 54 75 84 85 86 92 96
4: 1 7 11 14 15 28 32 34 45 46 48 55 76 82 85 88 95 97
5: 0 1 7 10 12 14 17 19 32 36 39 40 45 46 47 50 56 58 60 63 65 71 75 77
6: 0 13 15 18 22 26 30 37 38 43 57 72 74 75 86 92
7: 3 4 5 9 11 12 21 23 35 36 38 46 50 55 56 59 70 74 85 90 93 95
8: 2 13 16 17 33 36 44 46 47 59 70 89 94 98
9: 1 3 7 12 14 15 18 22 33 41 46 47 50 53 55 60 62 70 74 86
10: 5 11 19 20 22 23 45 52 53 59 61 63 75 83
11: 2 4 7 10 12 15 17 25 31 36 37 39 45 48 50 60 61 67 70 79 83 86 97
12: 5 7 9 11 16 21 23 24 28 34 38 40 48 57 59 61 66 69 76 99
13: 1 6 8 18 23 26 35 47 49 51 65 66 68 70 94 99
14: 4 5 9 23 28 32 46 47 51 60 61 63 66 74 82 87 94 96
15: 0 1 4 6 9 11 17 20 21 30 33 45 53 59 62 66 80 83 84 90
16: 8 12 18 19 25 29 36 41 55 67 74 78 87 90 92 94 97
17: 1 2 5 8 11 15 20 26 27 31 43 46 48 54 58 60 72 79
18: 1 6 9 13 16 19 25 33 34 43 50 54 56 83 86 95
19: 3 5 10 16 18 21 22 26 35 38 40 55 85 94
20: 10 15 17 24 27 29 30 31 43 49 66 69 74 79 80 81 90 92 93
21: 2 3 7 12 15 19 22 33 38 41 46 61 75 78 88 94
22: 0 6 9 10 19 21 30 37 44 54 56 61 87 89 92
23: 7 10 12 13 14 24 26 28 32 42 59 61 67 74 78 81 83 96
24: 12 20 23 27 28 32 33 35 45 79 80 84 92 94
25: 11 16 18 26 41 45 46 55 66 69 71 81 84 94
26: 6 13 17 19 23 25 30 40 45 49 59 76 80 83 97 99
27: 17 20 24 39 45 55 65 71 98
28: 4 12 14 23 24 34 36 42 44 49 51 55 58 59 61 71 75 83 92 95
29: 16 20 39 42 58 61 68 73 82 84 87 93 99
30: 6 15 20 22 26 32 39 44 48 51 54 60 62 67 69 75 79
31: 1 3 11 17 20 33 39 47 50 51 57 75 76 84 92 95 97 99
32: 4 5 14 23 24 30 36 42 46 50 52 55 58 64 68 70 73 74 79 85
33: 8 9 15 18 21 24 31 43 44 49 51 52 64 68 82 92 97
34: 1 4 12 18 28 39 41 64 69 70
35: 0 7 13 19 24 36 38 45 69 80 96
36: 5 7 8 11 16 28 32 35 41 42 44 50 52 62 67 70 82 84 86 89 96
37: 2 6 11 22 44 59 77 81 87 95 96
38: 6 7 12 19 21 35 47 50 54 58 59 64 68 70 78 80 94
39: 5 11 27 29 30 31 34 45 47 57 70 80 81 83 85 86 87 95 96
40: 0 2 5 12 19 26 47 52 55 64 80 91 96 99
41: 2 9 16 21 25 34 36 42 52 59 79 85 87 90 92 96 97 98
42: 1 23 28 29 32 36 41 45 46 47 49 54 56 62 67 73 79 82 89 91 94 95 98 99
43: 6 17 18 20 33 49 56 61 62 69 83 85 87 99
44: 8 22 28 30 33 36 37 49 63 64 75 89 92 93 96
45: 1 4 5 10 11 15 24 25 26 27 35 39 42 72 83 84 86 87
46: 3 4 5 7 8 9 14 17 21 25 32 42 55 64 72 73 76 92 95
47: 5 8 9 13 14 31 38 39 40 42 48 54 63 64 69 70 74 77 83 86 89 97
48: 4 11 12 17 30 47 49 55 64 67 74 78 86 97 99
49: 2 3 13 20 26 28 33 42 43 44 48 54 55 56 57 61 69 73 98
50: 2 5 7 9 11 18 31 32 36 38 63 69 70 77 82 83 85 88 89 90 97
51: 13 14 28 30 31 33 55 79 82 87 92
52: 2 10 32 33 36 40 41 53 57 59 68 76 80 81 82 91 94
53: 2 3 9 10 15 52 59 75 85 86 89 90 93 96
54: 3 17 18 22 30 38 42 47 49 55 57 58 69 70 72 81 87 88 89 93
55: 4 7 9 16 19 25 27 28 32 40 46 48 49 51 54 61 63 64 74 84
56: 5 7 18 22 42 43 49 63 70 77 82 83 91 92 98
57: 6 12 31 39 49 52 54 65 68 73 76 77 88
58: 5 17 28 29 32 38 54 64 65 66 68 69 88 93
59: 7 8 10 12 15 23 26 28 37 38 41 52 53
60: 5 9 11 14 17 30 61 66 68 70 73 76 80 87 95
61: 2 10 11 12 14 21 22 23 28 29 43 49 55 60 64 66 67 70 80 83 84 91 99
62: 0 9 15 30 36 42 43 67 69 75 93
63: 5 10 14 44 47 50 55 56 65 69 78 79 81 82 88
64: 1 32 33 34 38 40 44 46 47 48 55 58 61 67 70 75 81 85 86 95
65: 5 13 27 57 58 63 68 77 81 86 90 93
66: 12 13 14 15 20 25 58 60 61 68 69 71 75 83 85 90 91 92 95 96 99
67: 11 16 23 30 36 42 48 61 62 64 73 79 84 90 95
68: 2 13 29 32 33 38 52 57 58 60 65 66 76 79
69: 0 12 20 25 30 34 35 43 47 49 50 54 58 62 63 66 74
70: 7 8 9 11 13 32 34 36 38 39 47 50 54 56 60 61 64 90
71: 5 25 27 28 66 91 97
72: 0 6 17 45 46 54 80 98
73: 29 32 42 46 49 57 60 67 80 92
74: 6 7 9 14 16 20 23 32 47 48 55 69 87 99
75: 3 5 6 10 21 28 30 31 44 53 62 64 66 77
76: 4 12 26 31 46 52 57 60 68 83 88 91 92 93 99
77: 5 37 47 50 56 57 65 75 80 90
78: 16 21 23 38 48 63 94 98
79: 11 17 20 24 30 32 41 42 51 63 67 68 80 87 95
80: 15 20 24 26 35 38 39 40 52 60 61 72 73 77 79 94 99
81: 20 23 25 37 39 52 54 63 64 65 83 90 92 93
82: 4 14 29 33 36 42 50 51 52 56 63
83: 0 10 11 15 18 23 26 28 39 43 45 47 50 56 61 66 76 81 86 89 90 92 94 96
84: 3 15 24 25 29 31 36 45 55 61 67 90 91 97
85: 1 3 4 7 19 32 39 41 43 50 53 64 66 86 99
86: 3 6 9 11 18 36 39 45 47 48 53 64 65 83 85 94 98
87: 14 16 22 29 37 39 41 43 45 51 54 60 74 79 93 96 99
88: 4 21 50 54 57 58 63 76 89 94 95
89: 8 22 36 42 44 47 50 53 54 83 88 92 95
90: 7 15 16 20 41 50 53 65 66 67 70 77 81 83 84 91 98
91: 2 40 42 52 56 61 66 71 76 84 90 95 97
92: 3 6 16 20 22 24 28 31 33 41 44 46 51 56 66 73 76 81 83 89
93: 7 20 29 44 53 54 58 62 65 76 81 87 96
94: 8 13 14 16 19 21 24 25 38 42 52 78 80 83 86 88 95
95: 0 4 7 18 28 31 37 39 42 46 60 64 66 67 79 88 89 91 94 98
96: 2 3 14 23 35 36 37 39 40 41 44 53 66 83 87 93 97
97: 4 11 16 26 31 33 41 47 48 50 71 84 91 96
98: 1 8 27 41 42 49 56 72 78 86 90 95
99: 1 12 13 26 29 31 40 42 43 48 61 66 74 76 80 85 87
