100
0: 1 2 11 16 38
1: 0 5 13 27 37 57 76 92
2: 0 3 6 12 15 33 34 89
3: 2 4 25 27 44 96 99
4: 3 47 97
5: 1 9 10 17 48 55
6: 2 7 26 32 44 46
7: 6 8 29 62 89 92
8: 7 10 20 29 41 57 98
9: 5 14 25 28 52
10: 5 8 28 33 41
11: 0 68
12: 2 18
13: 1 22 23 27 42 59 66 89
14: 9 21 69 75 97 98
15: 2 24 36
16: 0 19 53 56 97
17: 5 25 30 93
18: 12 25 31
19: 16 46 72 96
20: 8
21: 14 60
22: 13 53
23: 13 71
24: 15 32 52 55 69 82
25: 3 9 17 18 35 61
26: 6 30 32 35
27: 1 3 13 43 59 86
28: 9 10 39 65 87
29: 7 8 72
30: 17 26 42 63 64 76 92
31: 18 66 75
32: 6 24 26
33: 2 10 34 43 67
34: 2 33 37 56 73 83
35: 25 26 45 80
36: 15 40 54 56
37: 1 34 38 53 58 80
38: 0 37 68
39: 28 50 89
40: 36 44 84 91
41: 8 10 61 85
42: 13 30 49 51 61 69 74 77 83
43: 27 33 75 99
44: 3 6 40 72 73 83
45: 35 52
46: 6 19 50 79
47: 4 50 59
48: 5 84 96
49: 42
50: 39 46 47
51: 42 67
52: 9 24 45 60 96
53: 16 22 37 69 71 76
54: 36 56
55: 5 24 70 77 88 94
56: 16 34 36 54 69 90
57: 1 8 68
58: 37
59: 13 27 47 93
60: 21 52 71 80
61: 25 41 42 78 82
62: 7
63: 30 80 92
64: 30
65: 28 73
66: 13 31
67: 33 51 96
68: 11 38 57 87
69: 14 24 42 53 56
70: 55 81
71: 23 53 60 85
72: 19 29 44 74 90
73: 34 44 65
74: 42 72 75 92
75: 14 31 43 74 87
76: 1 30 53 92
77: 42 55 78 87
78: 61 77 79 94
79: 46 78 91 93
80: 35 37 60 63
81: 70 86 95 97
82: 24 61
83: 34 42 44 89
84: 40 48 88 95
85: 41 71
86: 27 81 94
87: 28 68 75 77 94
88: 55 84
89: 2 7 13 39 83
90: 56 72
91: 40 79
92: 1 7 30 63 74 76
93: 17 59 79
94: 55 78 86 87
95: 81 84 99
96: 3 19 48 52 67
97: 4 14 16 81
98: 8 14
99: 3 43 95
