100
0: 1 2 4 8 11 12 14 17 29 34 52 54 55 58 64 69 77 80 84 86 87 94
1: 0 4 28 52 58 59 71 79 90 98
2: 0 3 4 9 12 13 27 28 32 80 88 90 93 99
3: 2 5 6 7 11 16 18 35 37 54 63 67 70 73 76 86 87
4: 0 1 2 7 16 18 24 26 32 34 40 41 81 82 85 96
5: 3 6 17 18 20 32 38 47 53 63 65 66 88 98
6: 3 5 9 16 23 32 37 54 57 68 74 81 82 84 88
7: 3 4 13 15 17 22 35 36 49 64 73 80 92
8: 0 23 27 40 48 49 50 55 62 65 73
9: 2 6 10 13 30 33 37 52 72 82 93
10: 9 14 20 24 31 32 52 60 73 76 90
11: 0 3 12 21 24 27 39 47 63 70 71
12: 0 2 11 13 19 21 25 28 38 41 54 68 70 71 73 80 87
13: 2 7 9 12 23 29 43 44 48 58 62 68 76 77 80 91 98
14: 0 10 20 25 39 40 44 52 59 63 69 70 78 82 85 89 93 95
15: 7 18 20 26 27 38 65 90
16: 3 4 6 23 34 60 78 86 91 99
17: 0 5 7 19 21 24 27 28 33 35 39 44 45 49 53 60 67 93 97
18: 3 4 5 15 20 21 22 29 33 37 56 81
19: 12 17 22 23 24 25 32 41 43 46 56 62 68 70 71 74 95
20: 5 10 14 15 18 22 30 33 35 39 42 47 52 54 76 77 86 92
21: 11 12 17 18 25 28 36 37 39 40 54 56 66 67 77 81 96
22: 7 18 19 20 26 46 51 82 85 91
23: 6 8 13 16 19 26 30 32 44 56 70 74 75 76 78 96
24: 4 10 11 17 19 38 42 49 57 84 97
25: 12 14 19 21 42 47 50 51 56 64 68 69 74 91
26: 4 15 22 23 38 39 40 43 51 53 73 77 81
27: 2 8 11 15 17 31 41 43 47 48 54 55 66 67 74 80 81 96
28: 1 2 12 17 21 33 52 64 70 73 80 83 86 87 93
29: 0 13 18 30 44 45 56 58 77 88 91 92
30: 9 20 23 29 32 34 36 38 39 47 57 58 69 77 84 85 98
31: 10 27 32 52 53 76 80 81 88 92 99
32: 2 4 5 6 10 19 23 30 31 38 43 87 90
33: 9 17 18 20 28 44 57 70 81 84 90 95
34: 0 4 16 30 37 42 47 50 54 56 60 62 69 75
35: 3 7 17 20 40 45 51 57 64 65 78 96
36: 7 21 30 42 52 62 63 80 83 98
37: 3 6 9 18 21 34 40 62 74 78 84 86 99
38: 5 12 15 24 26 30 32 45 49 50 59 61 65 79 88 91
39: 11 14 17 20 21 26 30 45 58 69 70 79 81 90 99
40: 4 8 14 21 26 35 37 45 55 61 63 67 81 85
41: 4 12 19 27 44 53 57 83
42: 20 24 25 34 36 43 56 57 60 84
43: 13 19 26 27 32 42 44 50 51 65 69 75 79 81 99
44: 13 14 17 23 29 33 41 43 46 48 54 56 60 66 72 84
45: 17 29 35 38 39 40 53 75 77 80 86
46: 19 22 44 47 49 57 70 72 77 84 95 99
47: 5 11 20 25 27 30 34 46 61 81 94 98 99
48: 8 13 27 44 92
49: 7 8 17 24 38 46 66 88 92 97
50: 8 25 34 38 43
51: 22 25 26 35 43 55 56 72 85 89
52: 0 1 9 10 14 20 28 31 36 62 70
53: 5 17 26 31 41 45 66 68 78 94
54: 0 3 6 12 20 21 27 34 44 57
55: 0 8 27 40 51 58 75 86 97
56: 18 19 21 23 25 29 34 42 44 51 71 74 78
57: 6 24 30 33 35 41 42 46 54 62 64 75 80 90
58: 0 1 13 29 30 39 55 61 80 83 91 99
59: 1 14 38 64 66 69 70 71 81 84 85
60: 10 16 17 34 42 44 78 79 91
61: 38 40 47 58 91
62: 8 13 19 34 36 37 52 57 65 80
63: 3 5 11 14 36 40 69 72 76 77
64: 0 7 25 28 35 57 59 69
65: 5 8 15 35 38 43 62 67 72 86 91 96
66: 5 21 27 44 49 53 59 72 86 96
67: 3 17 21 27 40 65 71 75 79 88
68: 6 12 13 19 25 53 80 91
69: 0 14 25 30 34 39 43 59 63 64 78 82 85 87 92
70: 3 11 12 14 19 23 28 33 39 46 52 59 72 79 95
71: 1 11 12 19 56 59 67 73 76 97
72: 9 44 46 51 63 65 66 70 74 80 85 86
73: 3 7 8 10 12 26 28 71 74
74: 6 19 23 25 27 37 56 72 73 76 97 99
75: 23 34 43 45 55 57 67 76 79 80 97
76: 3 10 13 20 23 31 63 71 74 75 80 89 94
77: 0 13 20 21 26 29 30 45 46 63 81 85 89 99
78: 14 16 23 35 37 53 56 60 69 83 86 87
79: 1 38 39 43 60 67 70 75 80 84 87
80: 0 2 7 12 13 27 28 31 36 45 57 58 62 68 72 75 76 79 82
81: 4 6 18 21 26 27 31 33 39 40 43 47 59 77 86 92
82: 4 6 9 14 22 69 80 85 89
83: 28 36 41 58 78 99
84: 0 6 24 30 33 37 42 44 46 59 79 95
85: 4 14 22 30 40 51 59 69 72 77 82 87 90 91
86: 0 3 16 20 28 37 45 55 65 66 72 78 81 90 91
87: 0 3 12 28 32 69 78 79 85
88: 2 5 6 29 31 38 49 67
89: 14 51 76 77 82 93 96
90: 1 2 10 15 32 33 39 57 85 86 92 93
91: 13 16 22 25 29 38 58 60 61 65 68 85 86 92 94
92: 7 20 29 31 48 49 69 81 90 91
93: 2 9 14 17 28 89 90 96
94: 0 47 53 76 91
95: 14 19 33 46 70 84
96: 4 21 23 27 35 65 66 89 93
97: 17 24 49 55 71 74 75
98: 1 5 13 30 36 47
99: 2 16 31 37 39 43 46 47 58 74 77 83
