100
0: 1 3 15 39 40 78 86
1: 0 2 6 47 53 61 73
2: 1 4 80
3: 0 7 11 13 16 25
4: 2 5 8 21 92
5: 4 12 13 27 31 60 73 75 91
6: 1 9 18
7: 3 10 15 26 28 34 62 76 90
8: 4 25 49 56 86 95
9: 6 33 57 71 91
10: 7 14 24 35 49
11: 3 40 47 55 89
12: 5 34 70
13: 3 5 17 19 44 50 61 77
14: 10 32 66 92
15: 0 7 20 24 31 34 74 76 77 93
16: 3 22 52 64 74
17: 13 23 30 43 54
18: 6 46 58 78 89
19: 13
20: 15 80
21: 4 48 66 69 91
22: 16 45 83
23: 17 53 95
24: 10 15 29 63
25: 3 8 35 36 45 68 86 87
26: 7 28 46 72 90
27: 5 81 97
28: 7 26 40
29: 24 44 48 55
30: 17 69
31: 5 15 59
32: 14 41 45 81
33: 9 37 38 61
34: 7 12 15 39 61 80
35: 10 25 39 41 76 91
36: 25 68 99
37: 33 64
38: 33 91 92
39: 0 34 35
40: 0 11 28 42 43 94
41: 32 35 60 73 90
42: 40 85
43: 17 40 52
44: 13 29
45: 22 25 32 51 62
46: 18 26 86
47: 1 11 56 82
48: 21 29 64
49: 8 10 61 65 70 71 97
50: 13 57
51: 45 54
52: 16 43 72
53: 1 23 84 94
54: 17 51 59
55: 11 29
56: 8 47 67
57: 9 50 82 93
58: 18 92
59: 31 54 68 75 77
60: 5 41 84 96
61: 1 13 33 34 49 63
62: 7 45 63 84
63: 24 61 62
64: 16 37 48
65: 49 85 91 97 98
66: 14 21
67: 56 69 95
68: 25 36 59 96 99
69: 21 30 67 71 83
70: 12 49 79 85
71: 9 49 69 95
72: 26 52
73: 1 5 41
74: 15 16 77 99
75: 5 59 93
76: 7 15 35 82 86
77: 13 15 59 74 96
78: 0 18
79: 70
80: 2 20 34 88
81: 27 32 93
82: 47 57 76
83: 22 69
84: 53 60 62 99
85: 42 65 70 95
86: 0 8 25 46 76
87: 25
88: 80
89: 11 18 95
90: 7 26 41 97
91: 5 9 21 35 38 65
92: 4 14 38 58 94
93: 15 57 75 81
94: 40 53 92
95: 8 23 67 71 85 89
96: 60 68 77
97: 27 49 65 90
98: 65
99: 36 68 74 84
