100
0: 1 33 40 42 46 47 49 59 60 70 71 73 74 83 86 94
1: 0 2 4 6 7 10 14 23 32 36 45 71 91 94
2: 1 3 5 8 14 22 28 30 31 36 42 43 46 53 54 65 76 86 97
3: 2 4 6 15 17 26 27 45 49 67 72
4: 1 3 6 9 14 15 16 35 63 92
5: 2 7 12 13 27 29 32 33 34 45 48 50 53 66 74 94 95
6: 1 3 4 11 15 21 24 25 26 29 38 53 54 63 81 90 94
7: 1 5 9 13 14 16 24 26 31 63 65 85 86
8: 2 17 22 30 43 61 62 70 80
9: 4 7 19 24 35 64 73 82 87 93
10: 1 17 18 34 41 47 56 59 65 68 69 96 98
11: 6 25 26 52 54 67 70 74 98 99
12: 5 14 15 20 22 39 52 54 59 74 88 98
13: 5 7 17 22 23 42 44 47 70 82
14: 1 2 4 7 12 19 25 44 48 50 67 68 85
15: 3 4 6 12 16 55 57 65 72 76 85 89 93 99
16: 4 7 15 21 24 29 32 37 49 63 72 75 81 83 85 93 96
17: 3 8 10 13 21 25 29 38 50 51 59 62 68 70 73 82 88
18: 10 20 22 25 33 34 45 48 54 58 60 63 77 80 96
19: 9 14 22 26 45 61 80 93
20: 12 18 24 33 36 47 55 76 78 79 91 96 97
21: 6 16 17 47 48 49 50 52 60 72 74 78
22: 2 8 12 13 18 19 30 38 43 44 58 61 66 69 80 88
23: 1 13 36 42 44 54 70 72 86
24: 6 7 9 16 20 26 35 66 71 72 89 95
25: 6 11 14 17 18 41 50 52 55 58 73 76 87
26: 3 6 7 11 19 24 29 36 41 44 75 77 80 81 90 97 99
27: 3 5 44 62 63 70
28: 2 29 32 34 41 46 54 73 74 84 89 91
29: 5 6 16 17 26 28 32 64 68 70 75 86 87 93
30: 2 8 22 31 37 40 41 46 48 51 58 65 75 76 87
31: 2 7 30 34 42 50 56 65 68 69 75 77 79 95
32: 1 5 16 28 29 34 38 39 65 73 76 80 86 93
33: 0 5 18 20 34 67 68
34: 5 10 18 28 31 32 33 37 49 65 69 82 86 95
35: 4 9 24 42 43 60 62 77 83 84 86 97 99
36: 1 2 20 23 26 47 55 65 70 84 85 93 95
37: 16 30 34 39 52 54 55 74 81 87
38: 6 17 22 32 46 55 56 65 67 70 72 73 75 77 84 90 99
39: 12 32 37 40 48 54 57 65 74 75 83 86
40: 0 30 39 46 57 59 62
41: 10 25 26 28 30 42 50 74 79 86 92
42: 0 2 13 23 31 35 41 49 54 56 58 66 74 79 88
43: 2 8 22 35 57 63 80 88
44: 13 14 22 23 26 27 59 64 83 86 89
45: 1 3 5 18 19 52 58 69 72 76 88
46: 0 2 28 30 38 40 63 66 67 82 95 96 99
47: 0 10 13 20 21 36 52 53 55 85 97 98
48: 5 14 18 21 30 39 67 71 72
49: 0 3 16 21 34 42 58 68 71 85 86 95
50: 5 14 17 21 25 31 41 59 68 73 80 92 94
51: 17 30 56 72 87
52: 11 12 21 25 37 45 47 59 61 64 70 84 91 93
53: 2 5 6 47 57 76 80
54: 2 6 11 12 18 23 28 37 39 42 65 71 90
55: 15 20 25 36 37 38 47 61 76 82 86 89 94 96
56: 10 31 38 42 51 60 71 89 99
57: 15 39 40 43 53 59 61 63 68 73 95
58: 18 22 25 30 42 45 49 64 68 74 97 99
59: 0 10 12 17 40 44 50 52 57 63 80 86 89
60: 0 18 21 35 56 65
61: 8 19 22 52 55 57 65 69 71 81
62: 8 17 27 35 40 82 99
63: 4 6 7 16 18 27 43 46 57 59 64 72 84 87 98
64: 9 29 44 52 58 63 76 89 92 95 99
65: 2 7 10 15 30 31 32 34 36 38 39 54 60 61 76 79 90
66: 5 22 24 42 46 84 91 95
67: 3 11 14 33 38 46 48 71 85 89 91 93
68: 10 14 17 29 31 33 49 50 57 58 81 85 86 90 91 96 98 99
69: 10 22 31 34 45 61 78 83 86 92 96
70: 0 8 11 13 17 23 27 29 36 38 52 77 83
71: 0 1 24 48 49 54 56 61 67 78 82 85 92
72: 3 15 16 21 23 24 38 45 48 51 63 79 92 93
73: 0 9 17 25 28 32 38 50 57 86
74: 0 5 11 12 21 28 37 39 41 42 58 76 94 99
75: 16 26 29 30 31 38 39 81 82 84 90 95 96
76: 2 15 20 25 30 32 45 53 55 64 65 74 78 83 85 88 95 97
77: 18 26 31 35 38 70 83
78: 20 21 69 71 76
79: 20 31 41 42 65 72 83 85
80: 8 18 19 22 26 32 43 50 53 59 84 85 86 99
81: 6 16 26 37 61 68 75 92
82: 9 13 17 34 46 55 62 71 75 83 88 93
83: 0 16 35 39 44 69 70 76 77 79 82 93
84: 28 35 36 38 52 63 66 75 80 91 98
85: 7 14 15 16 36 47 49 67 68 71 76 79 80 86 92
86: 0 2 7 23 29 32 34 35 39 41 44 49 55 59 68 69 73 80 85 89 91
87: 9 25 29 30 37 51 63 92 93
88: 12 17 22 42 43 45 76 82 90 91
89: 15 24 28 44 55 56 59 64 67 86 92
90: 6 26 38 54 65 68 75 88
91: 1 20 28 52 66 67 68 84 86 88 95
92: 4 41 50 64 69 71 72 81 85 87 89 93
93: 9 15 16 19 29 32 36 52 67 72 82 83 87 92 94
94: 0 1 5 6 50 55 74 93
95: 5 24 31 34 36 46 49 57 64 66 75 76 91 97
96: 10 16 18 20 46 55 68 69 75 99
97: 2 20 26 35 47 58 76 95
98: 10 11 12 47 63 68 84 99
99: 11 15 26 35 38 46 56 58 62 64 68 74 80 96 98
