100
0: 1 3 6 9 12 23 26 29 32 34 50 57 58 60 65 71 75 84 88 89 96
1: 0 2 4 5 8 15 25 32 38 41 44 57 62 67 74 75
2: 1 4 11 34 37 51 73 80 83 90 93 99
3: 0 4 5 9 13 15 22 44 48 57 69 71 74 84 92
4: 1 2 3 28 40 54 57 73 75 82 93 95 96
5: 1 3 6 7 14 15 17 22 46 51 78 93 95
6: 0 5 21 22 25 31 54 57 61 63 66 90 93
7: 5 18 20 28 31 35 37 39 41 47 52 55 56 80 90 95
8: 1 10 13 18 22 28 30 31 35 37 39 55 57 63 68 70 71 77 90 95
9: 0 3 14 17 19 27 43 64 65 66 81 90
10: 8 13 19 21 26 28 30 49 53 54 76 78 80 85 94 98
11: 2 19 24 26 30 34 38 44 48 51 59 62
12: 0 20 28 71 99
13: 3 8 10 17 26 29 58 74 75 76 77 80 82
14: 5 9 18 21 28 39 45 63 67 74 89
15: 1 3 5 16 24 29 34 46 49 50 57 63 70 74 80 84
16: 15 34 48 58 63 66 67 77 79 84 88 92 97
17: 5 9 13 18 26 37 47 75
18: 7 8 14 17 25 28 36 46 58 65 67 68 79 82
19: 9 10 11 20 31 42 49 68 70 78 85 94 96 97
20: 7 12 19 21 26 29 44 48 49 51 53 55 69 78 79 81 83 87 98 99
21: 6 10 14 20 23 25 27 42 47 58 64 73 80 81 86 90
22: 3 5 6 8 25 26 42 47 56 68 74 87 91
23: 0 21 25 35 40 52 54 56 79 87 88
24: 11 15 30 44 60 62 94
25: 1 6 18 21 22 23 46 56 69 85 95
26: 0 10 11 13 17 20 22 27 30 33 35 40 45 58 75 77 78 80 84 92
27: 9 21 26 38 42 57 70 74 99
28: 4 7 8 10 12 14 18 34 50 67 85 88 91
29: 0 13 15 20 32 39 45 56 65 67 77 78 80 90
30: 8 10 11 24 26 31 34 37 38 40 49 52 56 66 94
31: 6 7 8 19 30 36 41 44 57 67 76 78 83 90 98
32: 0 1 29 33 34 35 41 51 62 76
33: 26 32 35 38 42 47 62 71 76 84
34: 0 2 11 15 16 28 30 32 42 43 87 98 99
35: 7 8 23 26 32 33 40 41 46 51 58 81 84 86 89 95
36: 18 31 39 45 47 48 54 55 58 60 66 74 80 86 90 94 98
37: 2 7 8 17 30 41 65 77 90 91 97
38: 1 11 27 30 33 41 47 49 52 78 84 92 94
39: 7 8 14 29 36 50 52 55 63 64 72 75
40: 4 23 26 30 35 54 61 77 78 87 99
41: 1 7 31 32 35 37 38 49 60 64 70 76 81 93 97
42: 19 21 22 27 33 34 51 64 72 80 86 91
43: 9 34 46 51 65 67
44: 1 3 11 20 24 31 49 65 78
45: 14 26 29 36 48 57 58 59 61 68 70 72 73 76 97
46: 5 15 18 25 35 43 51 60 61 64 91
47: 7 17 21 22 33 36 38 49 57 69 74 87 93 94
48: 3 11 16 20 36 45 54 71 73 77
49: 10 15 19 20 30 38 41 44 47 51 53 63 64 68 70 78 86 93 96
50: 0 15 28 39 54 57 58 59 65 74 75 80 82
51: 2 5 11 20 32 35 42 43 46 49 66 87
52: 7 23 30 38 39 68 69 85 93
53: 10 20 49 55 76 98
54: 4 6 10 23 36 40 48 50 71 76 84 93
55: 7 8 20 36 39 53 56 73 84
56: 7 22 23 25 29 30 55 57 61 72 73 74 80 88 95
57: 0 1 3 4 6 8 15 27 31 45 47 50 56 87 91 99
58: 0 13 16 18 21 26 35 36 45 50 69 96 99
59: 11 45 50 65 67 68 70 74 84
60: 0 24 36 41 46
61: 6 40 45 46 56 86 94 95
62: 1 11 24 32 33 65 88 90 96
63: 6 8 14 15 16 39 49 67 76 83
64: 9 21 39 41 42 46 49 78 97 98
65: 0 9 18 29 37 43 44 50 59 62 66 90 93 99
66: 6 9 16 30 36 51 65 79 83 84 87 89 92
67: 1 14 16 18 28 29 31 43 59 63 76 83
68: 8 18 19 22 45 49 52 59 76 85 86 87
69: 3 20 25 47 52 58 74 75 81 86
70: 8 15 19 27 41 45 49 59 71 72 82 90
71: 0 3 8 12 33 48 54 70 72 76 97
72: 39 42 45 56 70 71 75 77 84
73: 2 4 21 45 48 55 56 77 89
74: 1 3 13 14 15 22 27 36 47 50 56 59 69 81 88 93 94
75: 0 1 4 13 17 26 39 50 69 72 81 96
76: 10 13 31 32 33 41 45 53 54 63 67 68 71 81 88 92
77: 8 13 16 26 29 37 40 48 72 73 84
78: 5 10 19 20 26 29 31 38 40 44 49 64 81 92
79: 16 18 20 23 66 92 95
80: 2 7 10 13 15 21 26 29 36 42 50 56 81
81: 9 20 21 35 41 69 74 75 76 78 80 89 91
82: 4 13 18 50 70 97
83: 2 20 31 63 66 67 90 95
84: 0 3 15 16 26 33 35 38 54 55 59 66 72 77 96
85: 10 19 25 28 52 68 93 96
86: 21 35 36 42 49 61 68 69 89 93
87: 20 22 23 34 40 47 51 57 66 68 89 90
88: 0 16 23 28 56 62 74 76
89: 0 14 35 66 73 81 86 87 95
90: 2 6 7 8 9 21 29 31 36 37 62 65 70 83 87 91
91: 22 28 37 42 46 57 81 90 95
92: 3 16 26 38 66 76 78 79
93: 2 4 5 6 41 47 49 52 54 65 74 85 86
94: 10 19 24 30 36 38 47 61 74
95: 4 5 7 8 25 35 56 61 79 83 89 91
96: 0 4 19 49 58 62 75 84 85
97: 16 19 37 41 45 64 71 82 99
98: 10 20 31 34 36 53 64
99: 2 12 20 27 34 40 57 58 65 97
