100
0: 1 2 4 6 8 9 10 19 21 22 23 30 34 38 42 47 61 62 63 72 80 99
1: 0 3 4 6 20 21 22 25 33 44 45 53 55 56 59 63 79 82 88 89 90 96
2: 0 4 9 11 12 15 17 18 23 28 65 68 69 76 79 84
3: 1 5 13 33 45 46 50 53 63 74 79
4: 0 1 2 6 20 21 25 29 36 38 43 46 57 77 79
5: 3 7 10 14 15 21 32 36 38 42 44 60 61 70 99
6: 0 1 4 10 11 12 22 23 32 38 40 43 52 60 67 71 72 86 90 92 94
7: 5 8 18 27 46 57 67 70 81 87 91 95 97
8: 0 7 9 14 17 18 26 29 31 39 45 47 48 50 71 74 84 85 96
9: 0 2 8 23 27 31 36 37 47 53 57 61 62 77 80 86 87 90 91 96
10: 0 5 6 16 18 20 24 26 27 30 33 43 50 53 60 73 78 83 85 89 91 98
11: 2 6 13 14 24 31 33 36 47 48 49 52 54 59 63 82 83 86 94
12: 2 6 16 18 21 25 34 39 41 42 53 55 57 60 68 80 87 90 93 97 98 99
13: 3 11 41 45 60 68 71 77 90 99
14: 5 8 11 18 29 31 41 51 53 54 55 58 59 63 75 80 82 94
15: 2 5 26 34 41 46 57 74 80 96 98
16: 10 12 23 28 32 34 37 39 40 50 56 63 69 72 75 78 83 86 89
17: 2 8 20 34 35 37 41 43 45 52 53 58 60 77 81 97
18: 2 7 8 10 12 14 24 30 39 53 63 70 76 89 99
19: 0 25 29 33 36 37 41 54 61 82 93 95 96
20: 1 4 10 17 29 30 34 41 43 50 51 53 65 71 72 75 82 86 92 94 95
21: 0 1 4 5 12 24 28 30 36 51 57 59 63 73 78 79 82 83 97
22: 0 1 6 40 46 47 49 57 59 90 98
23: 0 2 6 9 16 26 39 49 57 58 61 62 74 79 83 92 95
24: 10 11 18 21 26 34 56 58 70 74 82 87 95
25: 1 4 12 19 32 36 66 70 75 76 78 85 87 95 96
26: 8 10 15 23 24 27 28 32 37 39 44 57 64 65 66 67 72 74 87 94 98
27: 7 9 10 26 32 35 38 40 44 45 48 55 62 90 99
28: 2 16 21 26 29 34 36 47 50 59 61 73 78 83 88 91 98
29: 4 8 14 19 20 28 35 44 47 51 54 56 75 79 82 89 91 97
30: 0 10 18 20 21 46 48 52 63 66 79 91 93
31: 8 9 11 14 34 41 45 48 63 76 81
32: 5 6 16 25 26 27 33 36 38 43 44 49 50 53 55 70 85 88 93 95 96 99
33: 1 3 10 11 19 32 38 41 51 63 64 68 70 79 82 83 88 92 96 99
34: 0 12 15 16 17 20 24 28 31 47 48 51 56 57 75 80 83 93
35: 17 27 29 37 49 53 55 62 64 72 75 85 92 94 99
36: 4 5 9 11 19 21 25 28 32 41 46 48 53 59 60 61 62 77 96
37: 9 16 17 19 26 35 39 60 65 67 72 73 83 92 99
38: 0 4 5 6 27 32 33 40 41 61 63 77 81 87 89 90 94 99
39: 8 12 16 18 23 26 37 47 56 59 60 63 69 95 98
40: 6 16 22 27 38 64 67 68 71 79 80 84 85 95 97
41: 12 13 14 15 17 19 20 31 33 36 38 46 47 53 58 83 89 91
42: 0 5 12 43 58 62 66 67 69 77 85 88 89
43: 4 6 10 17 20 32 42 51 68 77 78 82
44: 1 5 26 27 29 32 47 48 55 58 64 77 81 82 83 92 98
45: 1 3 8 13 17 27 31 53 56 58 71 72 90
46: 3 4 7 15 22 30 36 41 66 69 82
47: 0 8 9 11 22 28 29 34 39 41 44 58 63 73 76 78 80 84 85 92
48: 8 11 27 30 31 34 36 44 75 90 99
49: 11 22 23 32 35 64 66 67 74 77 79 83 90 92 94
50: 3 8 10 16 20 28 32 64 65 72 74 77 78 87
51: 14 20 21 29 33 34 43 52 69 81 96
52: 6 11 17 30 51 62 67 69 70 77 85 88 89 92
53: 1 3 9 10 12 14 17 18 20 32 35 36 41 45 54 70 76 82 91 99
54: 11 14 19 29 53 57 66 73 77 84 95
55: 1 12 14 27 32 35 44 59 81 89 99
56: 1 16 24 29 34 39 45 62 84 88 98
57: 4 7 9 12 15 21 22 23 26 34 54 64 70 79 80 91 93 94 99
58: 14 17 23 24 41 42 44 45 47 61 71 77 84 90 97 98 99
59: 1 11 14 21 22 28 36 39 55 63 69 78 79 82 84 95 97 98
60: 5 6 10 12 13 17 36 37 39 66 78 79 89 97
61: 0 5 9 19 23 28 36 38 58 65 68 69 74 83 97
62: 0 9 23 27 35 36 42 52 56 63 70 74 82 88 89 90 96
63: 0 1 3 11 14 16 18 21 30 31 33 38 39 47 59 62 66 67 79 83 84 86 89 93 96 98 99
64: 26 33 35 40 44 49 50 57 65 71 77 85 90 98
65: 2 20 26 37 50 61 64 66 69 76 80 89 96
66: 25 26 30 42 46 49 54 60 63 65 69 76 89 93
67: 6 7 26 37 40 42 49 52 63 70 71 73 77 81 90 93 94 97
68: 2 12 13 33 40 43 61 79 97
69: 2 16 39 42 46 51 52 59 61 65 66 71 76 77 78 83 85 92 93 95
70: 5 7 18 24 25 32 33 52 53 57 62 67 74 75 93 94
71: 6 8 13 20 40 45 58 64 67 69 85 89 91 92 94
72: 0 6 16 20 26 35 37 45 50 74 99
73: 10 21 28 37 47 54 67 78 79 80 82 94 99
74: 3 8 15 23 24 26 49 50 61 62 70 72 76 77 90 91 98
75: 14 16 20 25 29 34 35 48 70 89 97
76: 2 18 25 31 47 53 65 66 69 74 83 87
77: 4 9 13 17 36 38 42 43 44 49 50 52 54 58 64 67 69 74 81 84 93
78: 10 16 21 25 28 43 47 50 59 60 69 73 85 86 87 97 99
79: 1 2 3 4 21 23 29 30 33 40 49 57 59 60 63 68 73 93 97
80: 0 9 12 14 15 34 40 47 57 65 73 96 98
81: 7 17 31 38 44 51 55 67 77 83 87 89
82: 1 11 14 19 20 21 24 29 33 43 44 46 53 59 62 73 87 90 94 99
83: 10 11 16 21 23 28 33 34 37 41 44 49 61 63 69 76 81 85 99
84: 2 8 40 47 54 56 58 59 63 77 87 88 89 92 94 95 97
85: 8 10 25 32 35 40 42 47 52 64 69 71 78 83 86 97 98 99
86: 6 9 11 16 20 63 78 85
87: 7 9 12 24 25 26 38 50 76 78 81 82 84 91
88: 1 28 32 33 42 52 56 62 84 96 98
89: 1 10 16 18 29 38 41 42 52 55 60 62 63 65 66 71 75 81 84 94 95 99
90: 1 6 9 12 13 22 27 38 45 48 49 58 62 64 67 74 82
91: 7 9 10 28 29 30 41 53 57 71 74 87 96
92: 6 20 23 33 35 37 44 47 49 52 69 71 84 96
93: 12 19 30 32 34 57 63 66 67 69 70 77 79
94: 6 11 14 20 26 35 38 49 57 67 70 71 73 82 84 89 95
95: 7 19 20 23 24 25 32 39 40 54 59 69 84 89 94 96
96: 1 8 9 15 19 25 32 33 36 51 62 63 65 80 88 91 92 95 99
97: 7 12 17 21 29 40 58 59 60 61 67 68 75 78 79 84 85 98
98: 10 12 15 22 26 28 39 44 56 58 59 63 64 74 80 85 88 97
99: 0 5 12 13 18 27 32 33 35 37 38 48 53 55 57 58 63 72 73 78 82 83 85 89 96
