100
0: 1 2 6 9 10 13 15 19 21 31 34 50 56 80 88
1: 0 3 9 17 19 31 39 42 50 51 98
2: 0 4 5 11 50 52 53
3: 1 7 12 14 25 28 34 40 43 54 79 86 91
4: 2 17 33 65 71 73 82 84 87
5: 2 6 8 10 13 14 19 32 38 44 48 67 87 99
6: 0 5 11 24 28 38 45 46 61 65 74 84 93 98
7: 3 15 22 35 38 40 49 66
8: 5 15 21 29 78 82 90
9: 0 1 13 19 20 28 32 33 39 67 93 94 99
10: 0 5 16 19 20 25 26 55 56 60 61 76 96
11: 2 6 24 26 39 40 69
12: 3 17 24 47 61 75 78 91 92
13: 0 5 9 34 46 77 80 87 92
14: 3 5 35 48 49 56 77 91
15: 0 7 8 18 58 59 61 87 96 98
16: 10 25 42 43 48 50
17: 1 4 12 21 62 90
18: 15 26 32 36 41 47 97
19: 0 1 5 9 10 24 27 35 40 60 71 99
20: 9 10 25 55 63 75 78 81 91
21: 0 8 17 23 33 39 48 63 68 79 80
22: 7 25 28 50 73 85 96 98
23: 21 26 35 66 73 81 90
24: 6 11 12 19 34 41 46 61 62 82 84 90 97
25: 3 10 16 20 22 29 34 37 56 58 89
26: 10 11 18 23 31 46 67 99
27: 19 29 30 60 79 81 91 98
28: 3 6 9 22 44 51 54 87 93
29: 8 25 27 33 45 51 69 76
30: 27 71 73 81 89
31: 0 1 26 34 40 58 77 80
32: 5 9 18 37 96
33: 4 9 21 29 36 37 47 53 62 69 71 79 88 90 98
34: 0 3 13 24 25 31 38 42 44 53
35: 7 14 19 23 52 56 75 78 97
36: 18 33 43 68 86 99
37: 25 32 33 50 53 67 68 80 83 88 89 95 97
38: 5 6 7 34 41 43 48 53 76 80 83
39: 1 9 11 21 43 50 57 92
40: 3 7 11 19 31 41 72
41: 18 24 38 40 79 86 95
42: 1 16 34 58 82 83 86
43: 3 16 36 38 39 64 80
44: 5 28 34 54 98 99
45: 6 29 49 63
46: 6 13 24 26 57 59 65
47: 12 18 33 63 73 94 96
48: 5 14 16 21 38 88 97
49: 7 14 45 58 61 74 96
50: 0 1 2 16 22 37 39 56 87 95
51: 1 28 29 58 72 77 88 89
52: 2 35 54 86
53: 2 33 34 37 38 70 72 79 85
54: 3 28 44 52 67
55: 10 20 59 66 91
56: 0 10 14 25 35 50 61 62 74 86 99
57: 39 46 62 75
58: 15 25 31 42 49 51 67 68
59: 15 46 55 60 62 64 69
60: 10 19 27 59 77 78 80 97
61: 6 10 12 15 24 49 56 62 74 83
62: 17 24 33 56 57 59 61 65 66 82 96
63: 20 21 45 47 90
64: 43 59 74 92
65: 4 6 46 62 72 79 93
66: 7 23 55 62 84 89 98
67: 5 9 26 37 54 58 90
68: 21 36 37 58 70 73 91
69: 11 29 33 59 70 77 81 94 96 97 99
70: 53 68 69 95
71: 4 19 30 33 82
72: 40 51 53 65 81 90
73: 4 22 23 30 47 68 74 97
74: 6 49 56 61 64 73
75: 12 20 35 57 79 98
76: 10 29 38 80 84
77: 13 14 31 51 60 69 94
78: 8 12 20 35 60
79: 3 21 27 33 41 53 65 75 82 94
80: 0 13 21 31 37 38 43 60 76
81: 20 23 27 30 69 72 88 97 99
82: 4 8 24 42 62 71 79
83: 37 38 42 61 99
84: 4 6 24 66 76 93
85: 22 53 90
86: 3 36 41 42 52 56 93
87: 4 5 13 15 28 50
88: 0 33 37 48 51 81
89: 25 30 37 51 66
90: 8 17 23 24 33 63 67 72 85 94
91: 3 12 14 20 27 55 68
92: 12 13 39 64 98
93: 6 9 28 65 84 86 95
94: 9 47 69 77 79 90
95: 37 41 50 70 93
96: 10 15 22 32 47 49 62 69 97
97: 18 24 35 37 48 60 69 73 81 96 99
98: 1 6 15 22 27 33 44 66 75 92
99: 5 9 19 26 36 44 56 69 81 83 97
