100
0: 1 2 5 6 9 11 14 17 23 40 42 51 54 62 75 76 81 92 93 98
1: 0 3 6 12 13 15 16 19 20 29 33 34 37 42 59 62 65 84 85 94
2: 0 3 4 10 18 23 25 30 34 42 45 54 63 84 89 96
3: 1 2 5 8 9 13 15 22 25 26 31 32 37 41 42 44 47 48 49 58 61 65 68 71 88 91 97 99
4: 2 21 23 24 26 27 38 39 45 55 56 59 67 72 75 93 99
5: 0 3 7 9 10 12 14 24 34 40 52 61 64 73
6: 0 1 8 10 11 16 22 26 33 38 42 62 63 64 75 86 88 91 96 97
7: 5 9 10 21 22 28 34 51 52 61 65 81 83 85 88 93
8: 3 6 12 13 17 18 19 25 29 60 63 82 88
9: 0 3 5 7 19 29 35 37 48 66 74 82 93 97
10: 2 5 6 7 11 15 21 26 30 32 34 49 57 58 59 62 72 75 76 77 82 84 87 88 89 90
11: 0 6 10 18 19 23 24 28 30 39 44 54 56 60 61 68 77 79 83 98
12: 1 5 8 14 18 20 30 33 35 37 40 45 50 67 68 69 92 96
13: 1 3 8 17 31 42 48 59 62 67 68 88 89
14: 0 5 12 21 25 32 45 62 72 87 98
15: 1 3 10 17 30 32 37 38 44 50 55 63 73 76 78 96
16: 1 6 20 22 34 35 39 50 57 60 62 72 80 82 88 90 97 99
17: 0 8 13 15 19 21 23 34 35 38 46 57 60 71 79 93 96 98
18: 2 8 11 12 19 27 31 36 38 42 51 55 83 90 94
19: 1 8 9 11 17 18 21 25 29 41 60 64 67 68 69 70 72 74 83 84 86 91 95
20: 1 12 16 22 29 30 35 36 41 42 46 66 84 87 90
21: 4 7 10 14 17 19 27 43 58 61 76 77 78 97
22: 3 6 7 16 20 25 29 31 32 33 47 50 53 59 95 96
23: 0 2 4 11 17 25 31 33 41 45 46 51 57 65 69 73 81 86 87 94 96
24: 4 5 11 30 36 71 74 78 87 90
25: 2 3 8 14 19 22 23 26 28 42 48 49 53 55 64 65 67 74 75 78 93
26: 3 4 6 10 25 29 31 32 52 58 62 63 77 81 85 89 94 95
27: 4 18 21 44 57 58 64 81
28: 7 11 25 38 43 46 47 58 62 66 67 72 86 90 91 97
29: 1 8 9 19 20 22 26 31 41 50 52 57 75
30: 2 10 11 12 15 20 24 35 37 38 52 68 98
31: 3 13 18 22 23 26 29 36 44 45 53 54 67 68 83 89 92 94 99
32: 3 10 14 15 22 26 45 47 49 57 61 62 63 70 71
33: 1 6 12 22 23 56 67 68 71 76 82 83 85 88 89 99
34: 1 2 5 7 10 16 17 36 37 41 44 50 52 58 72 75 78 94 96
35: 9 12 16 17 20 30 43 45 49 58 72 89 91 92 97
36: 18 20 24 31 34 44 49 66 71 75 90 98
37: 1 3 9 12 15 30 34 38 39 44 52 53 54 58 64 67 76 81 82 88 94 96 97
38: 4 6 15 17 18 28 30 37 43 47 51 69 80 81 90 92 94 98
39: 4 11 16 37 49 64 68 76 83 86 91 93
40: 0 5 12 73 74 84 87 88 91 95 97
41: 3 19 20 23 29 34 48 49 55 65 79 87 91 98
42: 0 1 2 3 6 13 18 20 25 47 53 54 58 60 62 75 81 91
43: 21 28 35 38 45 52 58 59 72 83 98
44: 3 11 15 27 31 34 36 37 50 51 52 66 67 81 88 90 95 98
45: 2 4 12 14 23 31 32 35 43 46 49 51 52 64 69 82 91 97
46: 17 20 23 28 45 47 50 51 57 66 67 69 85 89 96
47: 3 22 28 32 38 42 46 53 70 90 92
48: 3 9 13 25 41 55 56 57 59 60 64 67 83 84 87 91
49: 3 10 25 32 35 36 39 41 45 52 54 59 64 65 66 68 73 76 92
50: 12 15 16 22 29 34 44 46 51 59 65 73 78 81 87 91 95 96 99
51: 0 7 18 23 38 44 45 46 50 52 59 60 61 62 64 73 75 77 92
52: 5 7 26 29 30 34 37 43 44 45 49 51 57 63 65 77 83 84 86 87 90
53: 22 25 31 37 42 47 65 66 68 71 88
54: 0 2 11 31 37 42 49 59 69 71 77 78 91 94
55: 4 15 18 25 41 48 61 63 81 94 96 97 99
56: 4 11 33 48 65 74 85 86 92 94 95 97
57: 10 16 17 23 27 29 32 46 48 52 61 82 93
58: 3 10 21 26 27 28 34 35 37 42 43 64 65 68 70 77 97
59: 1 4 10 13 22 43 48 49 50 51 54 60 66 68 70 71 75 77 82 86 87 90 94 96 99
60: 8 11 16 17 19 42 48 51 59 64 69 82 83 84 91 98
61: 3 5 7 11 21 32 51 55 57 76 80 83 84 90 92
62: 0 1 6 10 13 14 16 26 28 32 42 51 65 71 97
63: 2 6 8 15 26 32 52 55 75 77 83 87 96
64: 5 6 19 25 27 37 39 45 48 49 51 58 60 67 75 85 95 97
65: 1 3 7 23 25 41 49 50 52 53 56 58 62 73 76 80 83 93 95 96 98
66: 9 20 28 36 44 46 49 53 59 67 73 85 86 88 93
67: 4 12 13 19 25 28 31 33 37 44 46 48 64 66 73 76 83 97
68: 3 11 12 13 19 30 31 33 39 49 53 58 59 78 81 83
69: 12 19 23 38 45 46 54 60 78 82 84 87 89 98
70: 19 32 47 58 59 73 87 98
71: 3 17 24 32 33 36 53 54 59 62 76 85 86 88 99
72: 4 10 14 16 19 28 34 35 43 78 89 90 93
73: 5 15 23 40 49 50 51 65 66 67 70 83 84 90 99
74: 9 19 24 25 40 56 87 91 93
75: 0 4 6 10 25 29 34 36 42 51 59 63 64 79 83 87 88 89 90 92
76: 0 10 15 21 33 37 39 49 61 65 67 71 79 81 82 85
77: 10 11 21 26 51 52 54 58 59 63 84 89 91 98 99
78: 15 21 24 25 34 50 54 68 69 72 93 95
79: 11 17 41 75 76 81 88
80: 16 38 61 65 81 82 89 92
81: 0 7 23 26 27 37 38 42 44 50 55 68 76 79 80 85 88 97 99
82: 8 9 10 16 33 37 45 57 59 60 69 76 80 83 90
83: 7 11 18 19 31 33 39 43 48 52 60 61 63 65 67 68 73 75 82 87 93
84: 1 2 10 19 20 40 48 52 60 61 69 73 77 86 87 94
85: 1 7 26 33 46 56 64 66 71 76 81 88 92 96
86: 6 19 23 28 39 52 56 59 66 71 84 89 90 92
87: 10 14 20 23 24 40 41 48 50 52 59 63 69 70 74 75 83 84 88
88: 3 6 7 8 10 13 16 33 37 40 44 53 66 71 75 79 81 85 87 90
89: 2 10 13 26 31 33 35 46 69 72 75 77 80 86
90: 10 16 18 20 24 28 36 38 44 47 52 59 61 72 73 75 82 86 88
91: 3 6 19 28 35 39 40 41 42 45 48 50 54 60 74 77 98 99
92: 0 12 31 35 38 47 49 51 56 61 75 80 85 86 95 96
93: 0 4 7 9 17 25 39 57 65 66 72 74 78 83 98
94: 1 18 23 26 31 34 37 38 54 55 56 59 84 96
95: 19 22 26 40 44 50 56 64 65 78 92 96
96: 2 6 12 15 17 22 23 34 37 46 50 55 59 63 65 85 92 94 95 97 98
97: 3 6 9 16 21 28 35 37 40 45 55 56 58 62 64 67 81 96
98: 0 11 14 17 30 36 38 41 43 44 60 65 69 70 77 91 93 96
99: 3 4 16 31 33 50 55 59 71 73 77 81 91
