100
0: 1 4 9 20 27 29 35 36 99
1: 0 2 3 5 8 22 28 30 40 46 62 77 84 88
2: 1 5 9 10 27 35 36 45 55
3: 1 16 36 40 43
4: 0 6 17 61 67
5: 1 2 8 11 13 18 72 92 96
6: 4 7 19 39 56 67 84
7: 6 9 15 24 47 55 57 58 87 88 91 93
8: 1 5 11 24 29 45 58 78 85 88 92
9: 0 2 7 12 30 38 46 53 55 87 91
10: 2 14 24 84
11: 5 8 16 49 52 80 82 99
12: 9 14 23 70 93
13: 5 18 30 31 51 56 61
14: 10 12 25 44 58 65 68 85 88
15: 7 38 40 46 49 56 64
16: 3 11 19 34 39 44 53 55 72
17: 4 46 57 88 90
18: 5 13 24 34 37 56 68 77 83 89 92
19: 6 16 21 22 26 27 31 40 45 52 63 81
20: 0 32 37 49 51 69 70 78 97
21: 19 23 40 41 55 61 63 72 73 74 80 97
22: 1 19 51 66 72 97
23: 12 21 26 29 33 43 54 69 73 80 97 98
24: 7 8 10 18 25 55 95
25: 14 24 34 40 59 61 71
26: 19 23 63 64 87 95 98
27: 0 2 19 28 63 65 76 86 96 99
28: 1 27 83 86 89 93 94
29: 0 8 23 56 82
30: 1 9 13 45 46 66 67 73 96 99
31: 13 19 47 53 68 70
32: 20 34 45 51 81 82
33: 23 47 57 62 68 74 91 99
34: 16 18 25 32 39 41 43 45 47 50 56 69 75 88
35: 0 2 68 85 94
36: 0 2 3 37 43 52 58 60 88
37: 18 20 36 62 65 85
38: 9 15 39 43 49 60 62 71 81 84 89 99
39: 6 16 34 38 65 70 72 82 90 92
40: 1 3 15 19 21 25 42 52 77 99
41: 21 34 70 84
42: 40 45 47 65 73 88 92
43: 3 23 34 36 38 46 48 58 97
44: 14 16 52 53 89 98
45: 2 8 19 30 32 34 42 49 52 59 63 79 90 94 98
46: 1 9 15 17 30 43 51 58 71 91 96 97
47: 7 31 33 34 42 52 57 83 97
48: 43 54 65 66 73 77 81 82
49: 11 15 20 38 45 50 58 59 64 69
50: 34 49 51 87 89 91 93 98
51: 13 20 22 32 46 50 55 62 65 69 72 73 74 95 97
52: 11 19 36 40 44 45 47 62 84 87 91 94
53: 9 16 31 44 57 74 75 80 88 90
54: 23 48 60 77 84 97
55: 2 7 9 16 21 24 51 57 65 67
56: 6 13 15 18 29 34 69 76 78 88 92
57: 7 17 33 47 53 55 67 86 88
58: 7 8 14 36 43 46 49 69 74 82
59: 25 45 49 74
60: 36 38 54 86
61: 4 13 21 25
62: 1 33 37 38 51 52 77 90
63: 19 21 26 27 45 71 82 86 89
64: 15 26 49 79 96
65: 14 27 37 39 42 48 51 55
66: 22 30 48 67 89 94
67: 4 6 30 55 57 66 75
68: 14 18 31 33 35 72 79 82 87 91
69: 20 23 34 49 51 56 58 85
70: 12 20 31 39 41
71: 25 38 46 63 98
72: 5 16 21 22 39 51 68 78
73: 21 23 30 42 48 51 94 99
74: 21 33 51 53 58 59 90
75: 34 53 67 86 89 97
76: 27 56 92
77: 1 18 40 48 54 62 88
78: 8 20 56 72 81
79: 45 64 68
80: 11 21 23 53 87
81: 19 32 38 48 78 89
82: 11 29 32 39 48 58 63 68 88 96
83: 18 28 47 84 89
84: 1 6 10 38 41 52 54 83 95
85: 8 14 35 37 69 86
86: 27 28 57 60 63 75 85 96
87: 7 9 26 50 52 68 80
88: 1 7 8 14 17 34 36 42 53 56 57 77 82 95
89: 18 28 38 44 50 63 66 75 81 83 91
90: 17 39 45 53 62 74
91: 7 9 33 46 50 52 68 89 98
92: 5 8 18 39 42 56 76
93: 7 12 28 50
94: 28 35 45 52 66 73
95: 24 26 51 84 88 98
96: 5 27 30 46 64 82 86
97: 20 21 22 23 43 46 47 51 54 75
98: 23 26 44 45 50 71 91 95
99: 0 11 27 30 33 38 40 73
