100
0: 1 3 9 10 20 23 25 28 30 32 37 47 52 57 60 63 65 71 73 75 78 82 83
1: 0 2 3 5 8 9 19 24 27 37 40 48 50 61 85 99
2: 1 4 10 13 14 16 17 19 24 26 32 34 37 40 63 71 74 80 81 85 97
3: 0 1 11 13 14 17 19 26 28 30 33 44 47 50 54 56 58 66 67 70 71 75 89 92 94 97
4: 2 9 14 18 26 28 31 34 46 58 73 84 86 89 90 94 97
5: 1 6 10 11 24 31 44 55 57 58 59 67 72 74 90 96 97
6: 5 7 10 12 19 24 34 47 49 57 60 66 74 78 81 84 88
7: 6 8 11 14 15 20 22 24 29 35 38 39 41 53 59 78 82 86 93 97
8: 1 7 10 11 18 28 35 37 39 45 46 53 54 55 57 58 59 62 64 78 99
9: 0 1 4 14 16 17 26 30 32 34 42 54 60 62 64 72 74 88 93
10: 0 2 5 6 8 22 34 40 53 63 65 72 77 91
11: 3 5 7 8 13 18 27 32 37 58 67 72 84 88 97
12: 6 19 25 38 64 66 67 69 73 79 84 86 92 99
13: 2 3 11 18 20 21 29 32 34 40 71 78 80 90 91 93 98
14: 2 3 4 7 9 24 25 48 59 61 81 88 94 96
15: 7 19 27 53 55 67 76 80 93 94
16: 2 9 17 21 23 24 27 45 49 62 65 66 75 83 84 87 91 94 95
17: 2 3 9 16 23 31 36 62 67 83 88
18: 4 8 11 13 20 28 29 35 36 37 38 51 56 68 72 74 77 78 83 96
19: 1 2 3 6 12 15 34 41 44 51 59 64 78 80 84 89 96 97
20: 0 7 13 18 28 30 33 34 35 42 53 59 62 75 78 80 96
21: 13 16 22 23 26 33 44 46 50 59 72 79 85 94 98
22: 7 10 21 31 33 35 37 48 50 55 56 65 71 79 84 95
23: 0 16 17 21 26 29 35 42 45 46 47 54 62 63 73 74 78 79 83 93
24: 1 2 5 6 7 14 16 28 29 30 43 51 52 66 67 79 80 82 83 85 87
25: 0 12 14 31 39 49 53 57 72 74 78 79 82 90 91 93 94 96
26: 2 3 4 9 21 23 31 32 39 40 55 57 65 67 69 72 76 79 81 83 94 95 97 98
27: 1 11 15 16 33 34 39 41 59 63 64 65 87 96 97
28: 0 3 4 8 18 20 24 33 39 44 45 63 80 82 85 90 96 97 99
29: 7 13 18 23 24 31 38 42 43 61 62 67 72 77 79 82 98
30: 0 3 9 20 24 31 34 35 38 45 49 54 57 59 63 68 70 77 89 90 91 92
31: 4 5 17 22 25 26 29 30 40 49 51 60 65 70 91 95
32: 0 2 9 11 13 26 42 58 59 78 81 90 99
33: 3 20 21 22 27 28 36 48 55 58 67 74 80 83 84
34: 2 4 6 9 10 13 19 20 27 30 47 51 56 71 77 81 91 94 95 97 99
35: 7 8 18 20 22 23 30 47 84 87 93 97 99
36: 17 18 33 49 64 68 85 88 89 96 99
37: 0 1 2 8 11 18 22 57 69 72 80 92 93 95
38: 7 12 18 29 30 49 56 60 63 65
39: 7 8 25 26 27 28 62 69 82 89 90 92 93 95
40: 1 2 10 13 26 31 47 48 62 67 71 72 73 79 82 94 96
41: 7 19 27 42 45 46 57 69 73 79 83 84 87 89 91 92 97 99
42: 9 20 23 29 32 41 55 62 70 79 84 93
43: 24 29 48 60 63 71 82 92 94 96 98
44: 3 5 19 21 28 45 48 52 55 59 66 69 71 83 88 92 99
45: 8 16 23 28 30 41 44 53 54 57 58 64 67 87 92
46: 4 8 21 23 41 48 51 58 59 60 69 72 73 74 75 84 86 87 88
47: 0 3 6 23 34 35 40 52 66 76 78 81 93 98
48: 1 14 22 33 40 43 44 46 53 58 59 74 92 94 99
49: 6 16 25 30 31 36 38 61 74 75 86 88 92 94 95 99
50: 1 3 21 22 55 57 64 76 85 97
51: 18 19 24 31 34 46 57 66 71 76 88 99
52: 0 24 44 47 55 60 64 66 76 79 84 90 99
53: 7 8 10 15 20 25 45 48 54 55 59 66 72 73 79 81 82 86
54: 3 8 9 23 30 45 53 55 56 57 63 84 99
55: 5 8 15 22 26 33 42 44 50 52 53 54 56 64 71 75 78 87 90
56: 3 18 22 34 38 54 55 59 72 74 75 77 79 95 98
57: 0 5 6 8 25 26 30 37 41 45 50 51 54 60 62 70 73 80 92 95
58: 3 4 5 8 11 32 33 45 46 48 62 68 70 72 77 78 95
59: 5 7 8 14 19 20 21 27 30 32 44 46 48 53 56 77 80 84 87 89 97
60: 0 6 9 31 38 43 46 52 57 65 68 79 84 89 92
61: 1 14 29 49 64 67 74 76 83
62: 8 9 16 17 20 23 29 39 40 42 57 58 65 73 88 95 96 98
63: 0 2 10 23 27 28 30 38 43 54 67 73 76 80 85 94
64: 8 9 12 19 27 36 45 50 52 55 61 71 76 85
65: 0 10 16 22 26 27 31 38 60 62 98
66: 3 6 12 16 24 44 47 51 52 53 67 70 77 83 89 92 95 98
67: 3 5 11 12 15 17 24 26 29 33 40 45 61 63 66 80 91 92
68: 18 30 36 58 60 81 83 91
69: 12 26 37 39 41 44 46 74 75 83 86 88 94 97
70: 3 30 31 42 57 58 66 71 73 90 93 95 97
71: 0 2 3 13 22 34 40 43 44 51 55 64 70 83 87
72: 5 9 10 11 18 21 25 26 29 37 40 46 53 56 58 75 99
73: 0 4 12 23 40 41 46 53 57 62 63 70 76 92 93 99
74: 2 5 6 9 18 23 25 33 46 48 49 56 61 69 91
75: 0 3 16 20 46 49 55 56 69 72 77 83 85 93
76: 15 26 47 50 51 52 61 63 64 73 77 97 98
77: 10 18 29 30 34 56 58 59 66 75 76 80 82 83
78: 0 6 7 8 13 18 19 20 23 25 32 47 55 58 83 84 88 95 97
79: 12 21 22 23 24 25 26 29 40 41 42 52 53 56 60 88 89 96
80: 2 13 15 19 20 24 28 33 37 57 59 63 67 77 90 95
81: 2 6 14 26 32 34 47 53 68 86 93
82: 0 7 24 25 28 29 39 40 43 53 77 85 86
83: 0 16 17 18 23 24 26 33 41 44 61 66 68 69 71 75 77 78 96 98
84: 4 6 11 12 16 19 22 33 35 41 42 46 52 54 59 60 78 85 90 91 93
85: 1 2 21 24 28 36 50 63 64 75 82 84 92 95 98
86: 4 7 12 46 49 53 69 81 82
87: 16 24 27 35 41 45 46 55 59 71 94 98
88: 6 9 11 14 17 36 44 46 49 51 62 69 78 79 95
89: 3 4 19 30 36 39 41 59 60 66 79 96
90: 4 5 13 25 28 30 32 39 52 55 70 80 84 94 96
91: 10 13 16 25 30 31 34 41 67 68 74 84 94
92: 3 12 30 37 39 41 43 44 45 48 49 57 60 66 67 73 85 97 98
93: 7 9 13 15 23 25 35 37 39 42 47 70 73 75 81 84
94: 3 4 14 15 16 21 25 26 34 40 43 48 49 63 69 87 90 91
95: 16 22 26 31 34 37 39 49 56 57 58 62 66 70 78 80 85 88
96: 5 14 18 19 20 25 27 28 36 40 43 62 79 83 89 90 99
97: 2 3 4 5 7 11 19 26 27 28 34 35 41 50 59 69 70 76 78 92
98: 13 21 26 29 43 47 56 62 65 66 76 83 85 87 92
99: 1 8 12 28 32 34 35 36 41 44 48 49 51 52 54 72 73 96
