100
0: 1 7 9 10 11 13 14 16 18 19 26 27 28 36 43 44 50 51 54 56 61 68 76
1: 0 2 4 5 14 19 23 24 27 29 40 43 52 58 59 62 68 72 73 76 79 86 87 91
2: 1 3 6 7 18 19 23 33 36 37 41 53 55 64 65 72 74 76 77 84 87
3: 2 6 8 11 12 16 20 22 27 33 35 39 50 51 52 54 55 56 61 71 79 81 83 93 99
4: 1 5 11 15 16 18 29 31 43 45 50 52 58 60 70 72 77 79 80 81 85 90 93 98
5: 1 4 9 12 16 17 26 27 30 40 41 47 52 69 71 73 76 94 97 99
6: 2 3 8 13 14 15 18 32 34 35 37 39 42 46 48 64 65 80 90 98
7: 0 2 8 12 13 15 31 40 44 54 56 58 60 69 71 74 77 86 89 97
8: 3 6 7 11 13 17 24 28 31 34 35 37 40 67 72 81 85 94 95 96 98
9: 0 5 10 26 29 42 44 48 52 54 57 60 65 70 76 77 82 88 91 93 95 96
10: 0 9 11 14 19 28 44 49 60 65 67 71 72 73 74 87 95 97 98
11: 0 3 4 8 10 12 13 15 18 28 34 36 40 41 44 48 49 51 53 55 57 68 75 83 92
12: 3 5 7 11 14 17 24 27 39 40 45 50 51 52 58 75 81 84 86 92 93 95 98
13: 0 6 7 8 11 24 33 36 38 39 44 47 51 58 66 71 76 99
14: 0 1 6 10 12 15 16 17 25 39 44 46 48 53 55 57 60 65 82 90 93
15: 4 6 7 11 14 18 21 27 28 35 36 37 39 41 42 44 45 54 56 64 75 83 88 94
16: 0 3 4 5 14 17 26 29 31 37 38 39 41 56 62 65 69 78 83 87 89 90 93
17: 5 8 12 14 16 28 29 30 34 70 77 79 87 91 93 96 99
18: 0 2 4 6 11 15 21 23 32 34 50 57 58 60 62 69 77 85 94 96
19: 0 1 2 10 20 21 25 29 34 39 45 47 52 56 58 60 67 72 84 85 87 90 92 93
20: 3 19 26 30 31 38 44 47 55 65 66 67 68 69 74 75 81 90 95 96
21: 15 18 19 22 24 27 29 30 31 36 37 40 42 56 66 68 69 70 71 78 80 86 90 92 94
22: 3 21 30 34 35 41 42 52 55 58 74 84 86 87 89 90 91 92
23: 1 2 18 28 33 38 48 51 53 59 63 71 75 80 83 86 90 91 92 96 97
24: 1 8 12 13 21 27 34 38 43 45 50 53 55 63 66 71 72 79 84 96 98
25: 14 19 26 30 42 48 54 57 61 64 67 76 83 88 90
26: 0 5 9 16 20 25 31 37 49 55 63 64 66 68 69 76 77 83 89 99
27: 0 1 3 5 12 15 21 24 38 44 58 62 64 70 75 76 78 81 88 99
28: 0 8 10 11 15 17 23 32 50 56 57 63 74 75 76 80 82 83 84 86 98 99
29: 1 4 9 16 17 19 21 36 37 40 41 48 51 54 63 73 93 94 96 99
30: 5 17 20 21 22 25 35 48 57 60 70 75 82
31: 4 7 8 16 20 21 26 32 45 46 56 64 65 67 75 76 83 84 85 90
32: 6 18 28 31 33 34 37 38 39 51 54 60 64 72 73 77 80 84 90 96
33: 2 3 13 23 32 37 39 42 53 64 65 68 77 83 84 85 88 92
34: 6 8 11 17 18 19 22 24 32 37 38 48 57 60 61 67 70 74 79 85 86 95 96 97 98 99
35: 3 6 8 15 22 30 37 52 63 67 74 79 88 92 94
36: 0 2 11 13 15 21 29 43 48 50 54 62 65 66 69 72 83 85 87 90
37: 2 6 8 15 16 21 26 29 32 33 34 35 39 42 43 46 50 51 65 71 80 82 83 86 97 98 99
38: 13 16 20 23 24 27 32 34 40 45 57 59 62 63 64 68 74 80 84 88 93
39: 3 6 12 13 14 15 16 19 32 33 37 51 53 59 67 80 83 85 91
40: 1 5 7 8 11 12 21 29 38 46 48 50 53 61 65 68 74 75 83 90 92 94 99
41: 2 5 11 15 16 22 29 50 51 52 63 69 72 75 79 80 81 82 97 99
42: 6 9 15 21 22 25 33 37 46 50 54 63 68 70 73 75 84 93 95
43: 0 1 4 24 36 37 48 49 52 61 68 80 81 82 99
44: 0 7 9 10 11 13 14 15 20 27 50 52 53 65 68 69 71 74 79 83 93
45: 4 12 15 19 24 31 38 53 61 68 69 73 75 88 93
46: 6 14 31 37 40 42 57 61 62 63 81 89 92 93 98
47: 5 13 19 20 58 67 75 83 86 89 94 98
48: 6 9 11 14 23 25 29 30 34 36 40 43 57 69 70 77 79 83 87 92
49: 10 11 26 43 51 53 59 62 66 68 69 74 86 90 94
50: 0 3 4 12 18 24 28 36 37 40 41 42 44 51 52 54 60 66 70 80 82 89
51: 0 3 11 12 13 23 29 32 37 39 41 49 50 52 57 58 62 65 69 89 91 95
52: 1 3 4 5 9 12 19 22 35 41 43 44 50 51 58 63 65 67 70 85 90 97 98
53: 2 11 14 23 24 33 39 40 44 45 49 55 62 66 70 74 84 85 95 98
54: 0 3 7 9 15 25 29 32 36 42 50 60 67 68 84 89
55: 2 3 11 14 20 22 24 26 53 63 64 65 73 74 76 85 92 99
56: 0 3 7 15 16 19 21 28 31 68 72 84
57: 9 11 14 18 25 28 30 34 38 46 48 51 58 63 74 79 81 84 85 87 91 96 98
58: 1 4 7 12 13 18 19 22 27 47 51 52 57 59 61 87 91 92 93 95 96 99
59: 1 23 38 39 49 58 62 68 72 75 80 81 84 92 99
60: 4 7 9 10 14 18 19 30 32 34 50 54 65 68 69 73 75 77 80 85 87 91 96
61: 0 3 25 34 40 43 45 46 58 64 66 73 76 81 90
62: 1 16 18 27 36 38 46 49 51 53 59 72 82 83 89 90 98
63: 23 24 26 28 29 35 38 41 42 46 52 55 57 74 75 86 93 96
64: 2 6 15 25 26 27 31 32 33 38 55 61 73 76 80 85 86 87 99
65: 2 6 9 10 14 16 20 31 33 36 37 40 44 51 52 55 60 66 69 74 80 81 93
66: 13 20 21 24 26 36 49 50 53 61 65 68 85 87 92 95 99
67: 8 10 19 20 25 31 34 35 39 47 52 54 68 73 75 84 88 96 99
68: 0 1 11 20 21 26 33 38 40 42 43 44 45 49 54 56 59 60 66 67 69 71 74 85 86 93
69: 5 7 16 18 20 21 26 36 41 44 45 48 49 51 60 65 68 75 87 93
70: 4 9 17 21 27 30 34 42 48 50 52 53 77 79 84 85 93
71: 3 5 7 10 13 21 23 24 37 44 68 82 83 85 92 94 97 98
72: 1 2 4 8 10 19 24 32 36 41 56 59 62 75 76 79 84 85 90
73: 1 5 10 29 32 42 45 55 60 61 64 67 76 77 85 88 91 94 97 98 99
74: 2 7 10 20 22 28 34 35 38 40 44 49 53 55 57 63 65 68 77 89 93 98
75: 11 12 15 20 23 27 28 30 31 40 41 42 45 47 59 60 63 67 69 72 78 83 88 93 98
76: 0 1 2 5 9 13 25 26 27 28 31 55 61 64 72 73 84 86 87 98
77: 2 4 7 9 17 18 26 32 33 48 60 70 73 74 83 87 88 90 96
78: 16 21 27 75 80 86 87
79: 1 3 4 17 24 34 35 41 44 48 57 70 72 84 92 93 94 99
80: 4 6 21 23 28 32 37 38 39 41 43 50 59 60 64 65 78 87 88 94 96 98 99
81: 3 4 8 12 20 27 41 43 46 57 59 61 65 85 88 92 97 99
82: 9 14 28 30 37 41 43 50 62 71 89 90 92 96 98
83: 3 11 15 16 23 25 26 28 31 33 36 37 39 40 44 47 48 62 71 75 77 86 93
84: 2 12 19 22 24 28 31 32 33 38 42 53 54 56 57 59 67 70 72 76 79 87 94 95 98
85: 4 8 18 19 31 33 34 36 39 52 53 55 57 60 64 66 68 70 71 72 73 81 91 92 97
86: 1 7 12 21 22 23 28 34 37 47 49 63 64 68 76 78 83 87 89 90
87: 1 2 10 16 17 19 22 36 48 57 58 60 64 66 69 76 77 78 80 84 86 90 95
88: 9 15 25 27 33 35 38 45 67 73 75 77 80 81 97
89: 7 16 22 26 46 47 50 51 54 62 74 82 86
90: 4 6 14 16 19 20 21 22 23 25 31 32 36 40 49 52 61 62 72 77 82 86 87 92 93 95 97
91: 1 9 17 22 23 39 51 57 58 60 73 85
92: 11 12 19 21 22 23 33 35 40 46 48 55 58 59 66 71 79 81 82 85 90 94 97
93: 3 4 9 12 14 16 17 19 29 38 42 44 45 46 58 63 65 68 69 70 74 75 79 83 90 94 96
94: 5 8 15 18 21 29 35 40 47 49 71 73 79 80 84 92 93 95 96
95: 8 9 10 12 20 34 42 51 53 58 66 84 87 90 94 99
96: 8 9 17 18 20 23 24 29 32 34 57 58 60 63 67 77 80 82 93 94 97 98
97: 5 7 10 23 34 37 41 52 71 73 81 85 88 90 92 96 99
98: 4 6 8 10 12 24 28 34 37 46 47 52 53 57 62 71 73 74 75 76 80 82 84 96 99
99: 3 5 13 17 26 27 28 29 34 37 40 41 43 55 58 59 64 66 67 73 79 80 81 95 97 98
