100
0: 1 2 7 9 13 16 17 22 25 32 35 38 39 47 54 62 63 64 71 73 75 77 99
1: 0 4 6 10 11 12 15 20 24 27 36 40 45 53 57 59 60 61 62 63 67 72 74 78 79 89 96 97
2: 0 3 5 12 13 14 17 19 20 40 43 64 70 91 98
3: 2 4 5 6 7 11 14 19 20 27 29 40 41 42 47 49 55 59 63 64 65 75 83 85
4: 1 3 5 6 8 9 10 13 16 26 38 39 45 49 50 55 72 76 79 80 84 89 99
5: 2 3 4 6 8 9 10 16 17 28 37 47 53 54 61 69 73 74 94
6: 1 3 4 5 11 16 30 38 40 46 52 55 58 74 79 80 81 87 91 96 98
7: 0 3 10 17 22 27 33 35 47 48 60 69 70 75 76 77 80 83 84 92
8: 4 5 11 12 23 24 26 30 32 33 39 41 42 48 49 59 61 63 88 92 97 99
9: 0 4 5 15 18 20 23 43 44 56 59 62 64 66 70 82 83 88 91 93 95 99
10: 1 4 5 7 11 12 14 20 22 34 35 36 41 42 48 69 75 82 99
11: 1 3 6 8 10 12 14 18 21 24 28 29 36 43 49 55 66 69 75 84 85 92
12: 1 2 8 10 11 13 20 24 27 42 45 46 51 53 58 62 65 68 70 75 77 78 92 93
13: 0 2 4 12 19 36 38 42 54 55 63 73 80 81 82 83 85 86 89
14: 2 3 10 11 16 19 20 28 32 39 41 51 56 63 71 77 79 90 96
15: 1 9 18 19 21 22 27 28 30 37 48 50 51 57 65 67 71 77 79 81 83 84 85 93 97 98
16: 0 4 5 6 14 19 23 24 28 29 30 31 32 34 60 62 67 69 73 76 79
17: 0 2 5 7 18 19 32 39 47 50 51 52 58 61 63 72 87 91 94
18: 9 11 15 17 20 21 23 24 25 32 36 38 46 47 56 60 64 69 76 85 91 93 98
19: 2 3 13 14 15 16 17 20 22 29 31 33 37 42 46 47 49 59 74 84 87 89 92 97 98
20: 1 2 3 9 10 12 14 18 19 24 25 27 32 34 38 50 59 70 79 81 83 93 94 95
21: 11 15 18 22 25 27 28 35 42 53 56 59 62 68 70 71 72 73 95 96
22: 0 7 10 15 19 21 26 31 35 42 52 53 55 57 61 73 82 84 85 86 98
23: 8 9 16 18 25 33 37 38 40 52 59 67 69 72 76 83 85 93 96
24: 1 8 11 12 16 18 20 29 41 44 47 51 60 63 68 69 81 86 93
25: 0 18 20 21 23 26 27 29 38 46 48 49 53 54 56 58 63 65 73 81 87
26: 4 8 22 25 34 36 41 44 49 51 60 61 63 65 72 75 77 81 84 86 91 95 96
27: 1 3 7 12 15 20 21 25 28 29 31 35 36 37 40 45 48 52 55 60 61 64 66 73 75 83
28: 5 11 14 15 16 21 27 35 38 41 43 46 47 48 50 52 54 70 74 78 83 91 93
29: 3 11 16 19 24 25 27 31 40 46 47 49 51 52 53 57 60 62 69 70 74 84 86 91
30: 6 8 15 16 43 50 51 53 62 70 78 80 84 90 91 94 95 98 99
31: 16 19 22 27 29 32 35 45 48 52 55 61 64 81 83 84 90 94
32: 0 8 14 16 17 18 20 31 39 40 42 55 56 57 64 65 76 87 94 98
33: 7 8 19 23 34 38 40 52 62 72 83 85 86 88 90 95 99
34: 10 16 20 26 33 36 41 44 47 53 54 55 67 73 81 82 93 96 99
35: 0 7 10 21 22 27 28 31 37 43 50 53 54 57 61 68 72 80 91
36: 1 10 11 13 18 26 27 34 46 54 69
37: 5 15 19 23 27 35 41 45 59 60 63 72 78 82 84 90 92 95 98
38: 0 4 6 13 18 20 23 25 28 33 39 45 50 52 53 64 90 93
39: 0 4 8 14 17 32 38 43 45 50 64 68 74 77 90 95 97 98
40: 1 2 3 6 23 27 29 32 33 44 45 50 53 59 63 72 79 85 86 89 90 98 99
41: 3 8 10 14 24 26 28 34 37 43 45 50 53 56 57 58 61 64 82 83 84 87 88 94 95 99
42: 3 8 10 12 13 19 21 22 32 43 53 59 63 64 68 71 73 79 80 83 84 88 93 99
43: 2 9 11 28 30 35 39 41 42 44 48 54 72 77 81 83 93 95 96 98
44: 9 24 26 34 40 43 47 48 49 54 56 61 65 71 74 79 80 97 99
45: 1 4 12 27 31 37 38 39 40 41 55 59 63 72 87 93 94
46: 6 12 18 19 25 28 29 36 48 63 71 79 93 98
47: 0 3 5 7 17 18 19 24 28 29 34 44 48 51 52 55 57 67 71 76 79 80 81 83 86 97
48: 7 8 10 15 25 27 28 31 43 44 46 47 57 59 61 62 65 67 74 84 87 88 93 94 97
49: 3 4 8 11 19 25 26 29 44 51 53 62 65 67 68 76 84 90
50: 4 15 17 20 28 30 35 38 39 40 41 60 68 69 70 74 81 82 83 84 85 89 99
51: 12 14 15 17 24 26 29 30 47 49 54 70 76 81 84
52: 6 17 22 23 27 28 29 31 33 38 47 55 63 68 70 71 74 78 94 96 97 98
53: 1 5 12 21 22 25 29 30 34 35 38 40 41 42 49 54 55 56 58 70 72 82 88
54: 0 5 13 25 28 34 35 36 43 44 51 53 55 59 63 67 69 78 79 81 82 85 87 88 99
55: 3 4 6 11 13 22 27 31 32 34 45 47 52 53 54 66 67 70 71 72 82 84 90 97
56: 9 14 18 21 25 32 41 44 53 58 67 74 79 88 97
57: 1 15 22 29 32 35 41 47 48 59 63 65 75 77 80 86 88 91 92 97
58: 6 12 17 25 41 53 56 59 62 63 69 75 82 91 94
59: 1 3 8 9 19 20 21 23 37 40 42 45 48 54 57 58 65 70 77 78 80 87 98
60: 1 7 16 18 24 26 27 29 37 50 61 64 72 75 83 89 90
61: 1 5 8 17 22 26 27 31 35 41 44 48 60 62 64 70 74 78 86 88 89 93 96 99
62: 0 1 9 12 16 21 29 30 33 48 49 58 61 85 97
63: 0 1 3 8 13 14 17 24 25 26 37 40 42 45 46 52 54 57 58 66 71 75 89 93
64: 0 2 3 9 18 27 31 32 38 39 41 42 60 61 65 69 72 74 76 86 89 91 99
65: 3 12 15 25 26 32 44 48 49 57 59 64 66 67 78 82
66: 9 11 27 55 63 65 67 68 77 80 87 91 97
67: 1 15 16 23 34 47 48 49 54 55 56 65 66 90 99
68: 12 21 24 35 39 42 49 50 52 66 71 83 92 96
69: 5 7 10 11 16 18 23 24 29 36 50 54 58 64 72 73 82 93 94
70: 2 7 9 12 20 21 28 29 30 50 51 52 53 55 59 61 72 76 78 79 80 85
71: 0 14 15 21 42 44 46 47 52 55 63 68 75 77 84 88 93 98
72: 1 4 17 21 23 26 33 35 37 40 43 45 53 55 60 64 69 70 74 77 87
73: 0 5 13 16 21 22 25 27 34 42 69 75 77 78 80 92 93
74: 1 5 6 19 28 29 39 44 48 50 52 56 61 64 72 85 87 89 92 94 95 96
75: 0 3 7 10 11 12 26 27 57 58 60 63 71 73 76 87
76: 4 7 16 18 23 32 47 49 51 64 70 75 77 83 89 93 95
77: 0 7 12 14 15 26 39 43 57 59 66 71 72 73 76 81 88 90 91 95 96
78: 1 12 28 30 37 52 54 59 61 65 70 73 98
79: 1 4 6 14 15 16 20 40 42 44 46 47 54 56 70 80 83 88
80: 4 6 7 13 30 35 42 44 47 57 59 66 70 73 79 83 90 98
81: 6 13 15 20 24 25 26 31 34 43 47 50 51 54 77 84 93 94 95 96 98
82: 9 10 13 22 34 37 41 50 53 54 55 58 65 69 89 90 96
83: 3 7 9 13 15 20 23 27 28 31 33 41 42 43 47 50 60 68 76 79 80 88 94 99
84: 4 7 11 15 19 22 26 29 30 31 37 41 42 48 49 50 51 55 71 81 88 91
85: 3 11 13 15 18 22 23 33 40 50 54 62 70 74 87 88 93 96 97
86: 13 22 24 26 29 33 40 47 57 61 64 89 92 95 96
87: 6 17 19 25 32 41 45 48 54 59 66 72 74 75 85 93 95 98
88: 8 9 33 41 42 48 53 54 56 57 61 71 77 79 83 84 85 91 97
89: 1 4 13 19 40 50 60 61 63 64 74 76 82 86 91
90: 14 30 31 33 37 38 39 40 49 55 60 67 77 80 82 91 92 93 96 99
91: 2 6 9 17 18 26 28 29 30 35 57 58 64 66 77 84 88 89 90 92
92: 7 8 11 12 19 37 57 68 73 74 86 90 91 98 99
93: 9 12 15 18 20 23 24 28 34 38 42 43 45 46 48 61 63 69 71 73 76 81 85 87 90 95 98
94: 5 17 20 30 31 32 41 45 48 52 58 69 74 81 83
95: 9 20 21 26 30 33 37 39 41 43 74 76 77 81 86 87 93 97
96: 1 6 14 21 23 26 34 43 52 61 68 74 77 81 82 85 86 90 97
97: 1 8 15 19 39 44 47 48 52 55 56 57 62 66 85 88 95 96 99
98: 2 6 15 18 19 22 30 32 37 39 40 43 46 52 59 71 78 80 81 87 92 93 99
99: 0 4 8 9 10 30 33 34 40 41 42 44 50 54 61 64 67 83 90 92 97 98
