100
0: 1 2 4 24 35 48 54 57 59 69
1: 0 3 7 8 9 10 27 37 55 64 75 76 89 92 95 96 97
2: 0 5 10 13 14 22 53 70 83
3: 1 6 11 12 16 23 25 29 37 45 56 59 90 92
4: 0 9 16 21 58 61 64 66 78 80
5: 2 9 15 21 28 29 50 55 66 68 93 97
6: 3 15 35 69 73 74 81 89
7: 1 43 51 55 58 76 79 93 95
8: 1 59 62 71
9: 1 4 5 35 39 92
10: 1 2 25 53 73 86 87 99
11: 3 13 20 21 26 28 59 63 68 81 82
12: 3 28 29 47 51 54 57 94 99
13: 2 11 24 28 30 40 69 77 86
14: 2 29 32 45 46 54 65 91 92
15: 5 6 17 18 19 20 21 38 59 79 99
16: 3 4 21 30 32 35 59 63 66 75 96
17: 15 42 58 60 69 77 95
18: 15 27 36 82 94
19: 15 58 62 73 79 80 90 98
20: 11 15 34 36 45 59 60 63 98
21: 4 5 11 15 16 25 33 83
22: 2 27 30 43 50 54 70 78 94 98
23: 3 34 40 47 48 62 67 72 74 76 81 92
24: 0 13 37 45 56 96 98
25: 3 10 21 26 47 68 70 96
26: 11 25 31 39 60 86
27: 1 18 22 34 57 69 94
28: 5 11 12 13 29 51 67 93
29: 3 5 12 14 28 43 44 57 80 86
30: 13 16 22 34 44 48 52 53 75 76 77 85
31: 26 34 43 44 51 52 53 79 87
32: 14 16 38 61 84 91
33: 21 84 88 92
34: 20 23 27 30 31 71 77 92
35: 0 6 9 16 46 54 60 67 71 74 99
36: 18 20 49 52 65 76 78 82
37: 1 3 24 48 49 84
38: 15 32 65 72 76 90
39: 9 26 44 56 61 63 67 79 83 97
40: 13 23 41 53 58
41: 40 64 69
42: 17 44 62 68 71 79 91
43: 7 22 29 31 53 57 85
44: 29 30 31 39 42 49 75 79
45: 3 14 20 24 56 61 62 69 82 91
46: 14 35 63 66
47: 12 23 25 62 65
48: 0 23 30 37 50 60 64 71
49: 36 37 44 56
50: 5 22 48 57 62 83 84 95
51: 7 12 28 31 74 83 86 87 88 95
52: 30 31 36 62 67 75 76 97
53: 2 10 30 31 40 43
54: 0 12 14 22 35 55 77
55: 1 5 7 54
56: 3 24 39 45 49 60 61 69
57: 0 12 27 29 43 50 65 68 76 96 97
58: 4 7 17 19 40 61 79
59: 0 3 8 11 15 16 20 60 78 81 92
60: 17 20 26 35 48 56 59 63 65 76
61: 4 32 39 45 56 58 73 81 82
62: 8 19 23 42 45 47 50 52 67 73 75 79 86 93
63: 11 16 20 39 46 60 95 96
64: 1 4 41 48 66
65: 14 36 38 47 57 60 66 81 89
66: 4 5 16 46 64 65 69 80 84
67: 23 28 35 39 52 62 74 75 77 80 89 94 99
68: 5 11 25 42 57 80 84
69: 0 6 13 17 27 41 45 56 66 83 93
70: 2 22 25 92 96 97
71: 8 34 35 42 48 73 96
72: 23 38 90 91 96
73: 6 10 19 61 62 71 91 98
74: 6 23 35 51 67
75: 1 16 30 44 52 62 67 90 93
76: 1 7 23 30 36 38 52 57 60 86 90 93
77: 13 17 30 34 54 67 86 87
78: 4 22 36 59 99
79: 7 15 19 31 39 42 44 58 62 89
80: 4 19 29 66 67 68
81: 6 11 23 59 61 65 85
82: 11 18 36 45 61 90
83: 2 21 39 50 51 69 87
84: 32 33 37 50 66 68
85: 30 43 81
86: 10 13 26 29 51 62 76 77 92 99
87: 10 31 51 77 83
88: 33 51
89: 1 6 65 67 79 90
90: 3 19 38 72 75 76 82 89 98
91: 14 32 42 45 72 73
92: 1 3 9 14 23 33 34 59 70 86 95
93: 5 7 28 62 69 75 76 98 99
94: 12 18 22 27 67
95: 1 7 17 50 51 63 92
96: 1 16 24 25 57 63 70 71 72 98
97: 1 5 39 52 57 70
98: 19 20 22 24 73 90 93 96
99: 10 12 15 35 67 78 86 93
