100
0: 1 2 3 4 6 11 12 26 35 55 62 83 96 99
1: 0 5 9 10 14 60 68 75 88 98 99
2: 0 4 5 7 8 17 21 30 50 55 65 76 83 88
3: 0 6 7 10 11 19 21 23 35 47 52 54 62 63 72 85 89
4: 0 2 6 9 31 33 47 54 57 59 62 73 76 81 88 92 94
5: 1 2 7 11 13 14 18 35 43 55 56 59 71 84 94
6: 0 3 4 7 11 19 23 33 38 39 49 66 72 74 80 81 83 94 95
7: 2 3 5 6 18 23 24 42 50 57 61 74 86 92 94
8: 2 32 35 37 40 43 46 48 50 59 67 78 89
9: 1 4 15 16 29 32 41 61 69 74 75 78 87
10: 1 3 21 25 36 40 44 48 53 63 64 68 71 75 83 89 90 97
11: 0 3 5 6 14 16 20 29 31 33 40 50 53 56 63 84 96 97
12: 0 39 45 46 53 78 81
13: 5 28 32 42 43 58 66 71 77 86
14: 1 5 11 16 20 23 26 31 37 38 49 54 55 60 72 77 79 91
15: 9 17 27 30 36 46 53 66 75 90 94 98
16: 9 11 14 23 32 35 37 41 43 49 60 64 76 84
17: 2 15 19 26 33 46 48 50 54 60 61 65 68 69 79 86
18: 5 7 24 26 27 35 39 45 56 57 60 61 63 65 66 67 68 75 82 95 97
19: 3 6 17 20 37 42 44 47 62 66 83 85 93 98
20: 11 14 19 26 33 46 57
21: 2 3 10 22 25 26 39 46 53 61 67 74 85
22: 21 26 28 33 52 65 67 70 74 86 91 93
23: 3 6 7 14 16 29 38 40 46 50 51 59 72 73 81 95
24: 7 18 37 64 77 79 80 84 85 87 92
25: 10 21 39 40 61 63 74 79 81 85 86
26: 0 14 17 18 20 21 22 58 63 81 95 98
27: 15 18 29 31 34 40 41 47 51 54 61 64 72
28: 13 22 38 53 59 69 91 99
29: 9 11 23 27 31 32 37 44 56 57 59 62 85 99
30: 2 15 44 45 50 63 90 99
31: 4 11 14 27 29 36 49 66 80 85 86 94
32: 8 9 13 16 29 33 36 48 59 61 68 82 86 91
33: 4 6 11 17 20 22 32 34 37 39 62 72 78
34: 27 33 40 46 97 98
35: 0 3 5 8 16 18 44 60 67 84 88 91 93 95
36: 10 15 31 32 40 50 60 71 74 76 79 96 98
37: 8 14 16 19 24 29 33 45 65 86 95
38: 6 14 23 28 43 57 58 59 62 71 75 78 90
39: 6 12 18 21 25 33 40 49 57 63 65 66 75 80 89 98
40: 8 10 11 23 25 27 34 36 39 45 47 53 64 94 96 97
41: 9 16 27 54 67 79 92
42: 7 13 19 44 48 60 73 78 80 81 85
43: 5 8 13 16 38 58 66 71 83 88
44: 10 19 29 30 35 42 59 71 91
45: 12 18 30 37 40 51 55 68 79 81 84
46: 8 12 15 17 20 21 23 34 51 55 72 78
47: 3 4 19 27 40 49 50 52 55 65 66 82 94 96
48: 8 10 17 32 42 51 55 59 80 88 95
49: 6 14 16 31 39 47 50 65 69 77 81 88 98
50: 2 7 8 11 17 23 30 36 47 49 66
51: 23 27 45 46 48 52 54 59 65 68 80 82
52: 3 22 47 51 58 99
53: 10 11 12 15 21 28 40 59 61 82
54: 3 4 14 17 27 41 51 62 74 76 92
55: 0 2 5 14 45 46 47 48 56 57 67 94 98
56: 5 11 18 29 55 71 72 78 82 98
57: 4 7 18 20 29 38 39 55 72 79 82 91 92 97
58: 13 26 38 43 52 61 74 79 83 91 96 98
59: 4 5 8 23 28 29 32 38 44 48 51 53 64 66 73 88 95
60: 1 14 16 17 18 35 36 42 63 66 72 75 85 87
61: 7 9 17 18 21 25 27 32 53 58 63 68 77 96 99
62: 0 3 4 19 29 33 38 54 74 90 93 95
63: 3 10 11 18 25 26 30 39 60 61 74 82
64: 10 16 24 27 40 59 77 78 80 84 91 98
65: 2 17 18 22 37 39 47 49 51 75 76 99
66: 6 13 15 18 19 31 39 43 47 50 59 60 67 70 92
67: 8 18 21 22 35 41 55 66 81
68: 1 10 17 18 32 45 51 61
69: 9 17 28 49 82 97
70: 22 66 74 78 91 96 97
71: 5 10 13 36 38 43 44 56 73 74 76 82 88 94
72: 3 6 14 23 27 33 46 56 57 60 73 74 79 80
73: 4 23 42 59 71 72 88 99
74: 6 7 9 21 22 25 36 54 58 62 63 70 71 72 75 80 89 90 98
75: 1 9 10 15 18 38 39 60 65 74 77 96 97
76: 2 4 16 36 54 65 71 88 93 94
77: 13 14 24 49 61 64 75 81 85 86 94
78: 8 9 12 33 38 42 46 56 64 70 81 91
79: 14 17 24 25 36 41 45 57 58 72 95 96
80: 6 24 31 39 42 48 51 64 72 74 82 83 93
81: 4 6 12 23 25 26 42 45 49 67 77 78
82: 18 32 47 51 53 56 57 63 69 71 80 86
83: 0 2 6 10 19 43 58 80
84: 5 11 16 24 35 45 64
85: 3 19 21 24 25 29 31 42 60 77 90
86: 7 13 17 22 25 31 32 37 77 82 92 94
87: 9 24 60 94 96
88: 1 2 4 35 43 48 49 59 71 73 76 90
89: 3 8 10 39 74
90: 10 15 30 38 62 74 85 88 95
91: 14 22 28 32 35 44 57 58 64 70 78
92: 4 7 24 41 54 57 66 86
93: 19 22 35 62 76 80 99
94: 4 5 6 7 15 31 40 47 55 71 76 77 86 87
95: 6 18 23 26 35 37 48 59 62 79 90
96: 0 11 36 40 47 58 61 70 75 79 87 99
97: 10 11 18 34 40 57 69 70 75
98: 1 15 19 26 34 36 39 49 55 56 58 64 74
99: 0 1 28 29 30 52 61 65 73 93 96
