100
0: 1 2 3 11 19 51 96
1: 0 10 17 25 27 55 67
2: 0 7 9 95
3: 0 4 5 6 7 18 19 22 25 27 52 80
4: 3 61
5: 3
6: 3 8 12 74
7: 2 3 17 33
8: 6 40
9: 2 14 15 17 20 26 30 75
10: 1 13 22 63 97
11: 0 15 77 78
12: 6 13 16
13: 10 12 24 83
14: 9 35 48 91
15: 9 11 38
16: 12 26 31 32 72 85
17: 1 7 9 23 29 39 42
18: 3 36 77 93
19: 0 3 21 26 37 50 57 88 91 99
20: 9 24 56 57 84
21: 19 69
22: 3 10 37
23: 17 35 58 79
24: 13 20 46 60 61 74 97
25: 1 3 30 41 68 73 76
26: 9 16 19 28 54 72
27: 1 3 39 60
28: 26 43 56 79
29: 17 34 36 44 58 80 84
30: 9 25 31 33
31: 16 30 37 47 50 69 89
32: 16 59 97
33: 7 30 44 53 54 75 77 79 97
34: 29 38
35: 14 23 54
36: 18 29 43 83 84
37: 19 22 31 84 98
38: 15 34 40 41 45 70 84 92
39: 17 27 70 85
40: 8 38 90
41: 25 38
42: 17 58 97
43: 28 36 49 64 73
44: 29 33 51 66 97 98
45: 38 57 74
46: 24
47: 31 60 62 83 99
48: 14 65 78
49: 43 71
50: 19 31 62 63 97
51: 0 44 92 93
52: 3
53: 33 72 89 96
54: 26 33 35
55: 1 66 74
56: 20 28 66 67 79 82
57: 19 20 45 60
58: 23 29 42 69 95
59: 32
60: 24 27 47 57 67 75
61: 4 24 68 69 81
62: 47 50
63: 10 50 95
64: 43 74
65: 48 88 94 95
66: 44 55 56 89 93
67: 1 56 60
68: 25 61 69
69: 21 31 58 61 68 71 74 82 87
70: 38 39
71: 49 69
72: 16 26 53 99
73: 25 43 86
74: 6 24 45 55 64 69
75: 9 33 60
76: 25
77: 11 18 33 79
78: 11 48
79: 23 28 33 56 77 80
80: 3 29 79
81: 61
82: 56 69 92
83: 13 36 47 90
84: 20 29 36 37 38
85: 16 39
86: 73
87: 69
88: 19 65
89: 31 53 66
90: 40 83
91: 14 19
92: 38 51 82
93: 18 51 66
94: 65 99
95: 2 58 63 65
96: 0 53
97: 10 24 32 33 42 44 50
98: 37 44
99: 19 47 72 94
