100
0: 1 3 5 11 12 18 20 22 32 36 40 42 61 62 66 69 72 87 90 91
1: 0 2 3 6 10 22 24 25 35 36 37 38 50 63 72 74 77 79 82 83 93 98
2: 1 3 4 5 10 13 15 16 17 31 37 41 44 46 50 55 59 62 64 65 81 83
3: 0 1 2 8 10 17 23 27 35 42 43 52 56 58 60 63 65 66 72 78 80 82 85
4: 2 17 21 25 26 29 31 32 36 38 39 43 45 49 55 56 60 71 72 74 75 80 86 87 97 99
5: 0 2 6 9 10 19 20 26 29 33 40 45 46 54 56 74 75 77 82 86 95 98 99
6: 1 5 7 13 14 15 26 32 38 42 43 45 47 55 58 67 68 71 80 84 92 93 95
7: 6 8 22 23 26 29 35 38 44 53 57 59 65 68 71 72 74 76 86 89 90 91 96
8: 3 7 11 12 13 15 17 18 32 36 37 41 45 46 50 58 59 61 62 65 71 72 73 81 90
9: 5 13 14 17 25 46 47 48 54 58 62 63 64 66 74 79 81 82 88 95 99
10: 1 2 3 5 11 12 20 27 32 34 39 40 42 44 48 50 64 65 74 88 92 94 97
11: 0 8 10 17 21 35 38 40 49 51 53 55 72 75 80 81 86 88 96
12: 0 8 10 22 26 29 33 45 46 49 51 52 56 62 63 64 82 83 84 90 95 96
13: 2 6 8 9 14 20 21 24 28 31 35 41 42 43 56 60 67 72 81 82 84
14: 6 9 13 23 24 26 32 46 49 53 63 70 79 80 97
15: 2 6 8 16 19 26 35 48 53 57 61 63 66 72 76 79 93 95 98
16: 2 15 17 23 26 29 44 45 46 49 51 53 61 63 85
17: 2 3 4 8 9 11 16 23 29 30 35 36 38 44 52 54 64 82 96
18: 0 8 30 33 34 35 37 42 53 54 63 64 72 74 97 98
19: 5 15 20 23 24 29 33 35 38 44 49 51 75 88 90 94 97
20: 0 5 10 13 19 39 42 46 53 58 64 65 68 70 82 84 87 88 97 98
21: 4 11 13 25 26 29 40 46 47 49 50 62 70 76 77 78 79 82
22: 0 1 7 12 25 30 31 35 37 40 42 47 52 55 67 70 72 80 83 87 88 99
23: 3 7 14 16 17 19 25 26 28 36 38 42 43 46 60 63 68 70 72 80 83 89 94
24: 1 13 14 19 37 39 41 44 47 49 50 53 64 72 76 82 85 91 92 93 94 96 97
25: 1 4 9 21 22 23 40 41 42 44 46 52 54 67 68 75 78 84 86 94 97
26: 4 5 6 7 12 14 15 16 21 23 40 41 43 50 56 63 68 75 79 83 85 88 94 95
27: 3 10 28 32 46 48 51 52 53 56 59 60 62 67 77 85 88 91 98
28: 13 23 27 32 34 42 52 53 54 57 73 74 75 85 88 92 98
29: 4 5 7 12 16 17 19 21 34 35 36 39 40 41 48 60 63 64 69 70 82
30: 17 18 22 37 46 50 58 60 62 64 67 68 77 89 90
31: 2 4 13 22 47 48 52 57 61 68 79 80 82 87 89 90 98
32: 0 4 6 8 10 14 27 28 39 42 47 49 50 52 58 65 74 75 78 79 85 91 95 97 99
33: 5 12 18 19 37 38 41 43 44 45 48 55 56 62 66 82 85 96
34: 10 18 28 29 38 47 48 51 52 54 56 59 63 73 80 81 83 84 87 92 94 98 99
35: 1 3 7 11 13 15 17 18 19 22 29 37 39 47 49 54 55 68 69 75 77 97
36: 0 1 4 8 17 23 29 49 51 63 67 68 76 89 92 94 99
37: 1 2 8 18 22 24 30 33 35 47 48 52 57 59 63 66 67 71 76 93 97
38: 1 4 6 7 11 17 19 23 33 34 42 44 55 58 59 60 66 73 74 75 76 79 86 95
39: 4 10 20 24 29 32 35 47 50 52 73 85 95
40: 0 5 10 11 21 22 25 26 29 46 55 59 61 74 76 78 93 94 95 99
41: 2 8 13 24 25 26 29 33 42 46 66 68 74 83 85 97
42: 0 3 6 10 13 18 20 22 23 25 28 32 38 41 46 50 52 66 70 71 73 78 80 84 89 90 95 98
43: 3 4 6 13 23 26 33 48 62 71 75 79 81 84 94 96
44: 2 7 10 16 17 19 24 25 33 38 50 51 52 55 58 63 67 70 71 73 74 79 81 82 91 97
45: 4 5 6 8 12 16 33 52 55 56 59 61 62 63 64 68 74 77 81 82 83 89 95 96
46: 2 5 8 9 12 14 16 20 21 23 25 27 30 40 41 42 54 55 62 63 67 75 77 82 89 90 93 94 96
47: 6 9 21 22 24 31 32 34 35 37 39 48 51 58 62 74 75 88 92 94 99
48: 9 10 15 27 29 31 33 34 37 43 47 52 59 65 67 84 89 97
49: 4 11 12 14 16 19 21 24 32 35 36 56 65 66 67 80
50: 1 2 8 10 21 24 26 30 32 39 42 44 55 64 65 76 79 81 85 96
51: 11 12 16 19 27 34 36 44 47 52 55 69 78 86 92 97
52: 3 12 17 22 25 27 28 31 32 34 37 39 42 44 45 48 51 56 63 74 75 80 81 83 86 92 97 99
53: 7 11 14 15 16 18 20 24 27 28 55 57 58 63 64 68 75 77 79 83 90 93
54: 5 9 17 18 25 28 34 35 46 63 66 69 73 76 92
55: 2 4 6 11 22 33 35 38 40 44 45 46 50 51 53 56 62 66 68 69 77 82 93
56: 3 4 5 12 13 26 27 33 34 45 49 52 55 60 62 66 67 70 71 74 77 79 83 86 95 96
57: 7 15 28 31 37 53 62 67 68 71 73 77 84 86 87 95 98
58: 3 6 8 9 20 30 32 38 44 47 53 61 63 67 75 77 81 86 90 97
59: 2 7 8 27 34 37 38 40 45 48 63 76 84 93 94 95 97
60: 3 4 13 23 27 29 30 38 56 61 64 72 75 77 78 93
61: 0 8 15 16 31 40 45 58 60 62 68 72 74 76 80 81 89 91 93 95
62: 0 2 8 9 12 21 27 30 33 43 45 46 47 55 56 57 61 63 64 68 69 72 76 81 85 87 92
63: 1 3 9 12 14 15 16 18 23 26 29 34 36 37 44 45 46 52 53 54 58 59 62 66 69 72 75 79 82 83 92
64: 2 9 10 12 17 18 20 24 29 30 45 50 53 60 62 66 86 93
65: 2 3 7 8 10 20 32 48 49 50 66 69 70 73 74 75 89 97
66: 0 3 9 15 33 37 38 41 42 49 54 55 56 63 64 65 69 74 76 77 82 88 90 97
67: 6 13 22 25 27 30 36 37 44 46 48 49 56 57 58 68 78 80 85 96 99
68: 6 7 20 23 25 26 30 31 35 36 41 45 53 55 57 61 62 67 73 84 94 99
69: 0 29 35 51 54 55 62 63 65 66 74 81 84 86 96
70: 14 20 21 22 23 29 42 44 56 65 79 81 86
71: 4 6 7 8 37 42 43 44 56 57 75 80 85 92 98
72: 0 1 3 4 7 8 11 13 15 18 22 23 24 60 61 62 63 78 81 82 86 90 92 98 99
73: 8 28 34 38 39 42 44 54 57 65 68 74 79 81 95
74: 1 4 5 7 9 10 18 28 32 38 40 41 44 45 47 52 56 61 65 66 69 73 77 80 84 96
75: 4 5 11 19 25 26 28 32 35 38 43 46 47 52 53 58 60 63 65 71 88 92
76: 7 15 21 24 36 37 38 40 50 54 59 61 62 66 86
77: 1 5 21 27 30 35 45 46 53 55 56 57 58 60 66 74 78 80 95 96 99
78: 3 21 25 32 40 42 51 60 67 72 77 87 88 90
79: 1 9 14 15 21 26 31 32 38 43 44 50 53 56 63 70 73 81 84 85 88 95
80: 3 4 6 11 14 22 23 31 34 42 49 52 61 67 71 74 77 82 83 86 89 94 96
81: 2 8 9 11 13 34 43 44 45 50 52 58 61 62 69 70 72 73 79 90
82: 1 3 5 9 12 13 17 20 21 24 29 31 33 44 45 46 55 63 66 72 80 84 85 87 88 94
83: 1 2 12 22 23 26 34 41 45 52 53 56 63 80 85 88 93
84: 6 12 13 20 25 34 42 43 48 57 59 68 69 74 79 82 87 88 89 90 91
85: 3 16 24 26 27 28 32 33 39 41 50 62 67 71 79 82 83 87 88 89 94
86: 4 5 7 11 25 38 51 52 56 57 58 64 69 70 72 76 80 98 99
87: 0 4 20 22 31 34 57 62 78 82 84 85 90 95 96
88: 9 10 11 19 20 22 26 27 28 47 66 75 78 79 82 83 84 85
89: 7 23 30 31 36 42 45 46 48 61 65 80 84 85 90 91 95
90: 0 7 8 12 19 30 31 42 46 53 58 66 72 78 81 84 87 89
91: 0 7 24 27 32 44 61 84 89 93 98
92: 6 10 24 28 34 36 47 51 52 54 62 63 71 72 75
93: 1 6 15 24 37 40 46 53 55 59 60 61 64 83 91 94 99
94: 10 19 23 24 25 26 34 36 40 43 46 47 59 68 80 82 85 93
95: 5 6 9 12 15 26 32 38 39 40 42 45 56 57 59 61 73 77 79 87 89
96: 7 11 12 17 24 33 43 45 46 50 56 67 69 74 77 80 87
97: 4 10 14 18 19 20 24 25 32 35 37 41 44 48 51 52 58 59 65 66
98: 1 5 15 18 20 27 28 31 34 42 57 71 72 86 91
99: 4 5 9 22 32 34 36 40 47 52 67 68 72 77 86 93
