100
0: 1 6 17 20 25 37 46 49 71 73 90
1: 0 2 3 4 11 12 14 23 29 43 54 59 64 65 73 77 80 82 99
2: 1 19 34 36 37 46 61 71 76 82 98
3: 1 6 14 21 26 32 35 46 63
4: 1 5 19 21 23 27 30 32 40 52 53 57 76 84
5: 4 7 10 15 18 24 29 39 68 71 85 86 97
6: 0 3 9 11 13 33 73 74 76 85 86 89 92 98
7: 5 8 9 18 31 69 97
8: 7 9 16 36 48 56 68 75 81 82
9: 6 7 8 13 21 23 28 33 40 66 68 73 88 97
10: 5 11 21 23 28 31 34 37 67 98 99
11: 1 6 10 15 21 36 41 46 51 61 62 80 84
12: 1 22 24 30 48 54 59 67 97
13: 6 9 15 22 30 34 50 60 62 85 91 92 93
14: 1 3 50 56 72 79 86
15: 5 11 13 20 26 34 38 48 57 65 66 69 77 78 95
16: 8 21 22 27 34 38 41 55 65 81 89
17: 0 31 34 61 63 79 80 82 98
18: 5 7 22 49 56 92 97
19: 2 4 24 34 40 43 50 53 56 65 68 82 89 98
20: 0 15 25 29 36 48 69 78 79 81
21: 3 4 9 10 11 16 22 25 26 30 42 66 70 80 90
22: 12 13 16 18 21 28 34 35 37 45 48 54 66 86 89 95 97
23: 1 4 9 10 47 51 52 55 56 62 65 81 87 96
24: 5 12 19 25 28 29 32 38 41 46 51 67 69 71 77 83 95
25: 0 20 21 24 30 33 41 44 49 53 56 60 68 76 80 95
26: 3 15 21 45 56 60 63 64 70 85 93 96
27: 4 16 29 37 52 53 54 58 63 68 91 94 96 99
28: 9 10 22 24 38 41 57 68 75 84 87 95
29: 1 5 20 24 27 38 43 52 54 74 77 81 84 87
30: 4 12 13 21 25 34 36 41 45 50 57 66 79 87
31: 7 10 17 39 51 55 57 58 59 60 62 66 82 87 89 98
32: 3 4 24 33 43 68 79 92 93 98
33: 6 9 25 32 49 50 76 81 91 98
34: 2 10 13 15 16 17 19 22 30 38 39 44 48 51 52 60 63 68 84 94 95
35: 3 22 43 48 58 59 66 71 74 80 81 84 92
36: 2 8 11 20 30 39 40 44 47 53 62 70 78 88 90 94
37: 0 2 10 22 27 63 70 77 78 81
38: 15 16 24 28 29 34 39 48 80 81 84 86 90 99
39: 5 31 34 36 38 54 60 64 66 67 89 96
40: 4 9 19 36 44 47 52 54 59 72 77 83 95 98
41: 11 16 24 25 28 30 62 78 79
42: 21 45 51 54 62 65 73
43: 1 19 29 32 35 45 46 55 67 74 75 76 77 87 93 97
44: 25 34 36 40 45 56 62 71 74 80 86
45: 22 26 30 42 43 44 46 53 63 64 68 77 79 82 88 97
46: 0 2 3 11 24 43 45 63 76 80 84 86 90 99
47: 23 36 40 49 52 54 74 88
48: 8 12 15 20 22 34 35 38 51 53 70 71 80 85 95 96 98
49: 0 18 25 33 47 57 63
50: 13 14 19 30 33 57 62 67 81 83 97
51: 11 23 24 31 34 42 48 52 58 66 84 91
52: 4 23 27 29 34 40 47 51 58 88 98
53: 4 19 25 27 36 45 48 57 66 69 71 73 75 82 83 96
54: 1 12 22 27 29 39 40 42 47 68 81 83 93 94
55: 16 23 31 43 74 77 83 86
56: 8 14 18 19 23 25 26 44 66 78 91
57: 4 15 28 30 31 49 50 53 58 67 69 74 77
58: 27 31 35 51 52 57 76 92 98
59: 1 12 31 35 40 72 73 82 84 87 97
60: 13 25 26 31 34 39 62 63 77 85 88 89 90 97
61: 2 11 17 84 88 95
62: 11 13 23 31 36 41 42 44 50 60 70 73 84 85 86 96
63: 3 17 26 27 34 37 45 46 49 60 67 99
64: 1 26 39 45 72 84 93
65: 1 15 16 19 23 42 74 86
66: 9 15 21 22 30 31 35 39 51 53 56 70 73 97
67: 10 12 24 39 43 50 57 63
68: 5 8 9 19 25 27 28 32 34 45 54 70 79 92 99
69: 7 15 20 24 53 57 70 88 93 96
70: 21 26 36 37 48 62 66 68 69 71 74 80 95
71: 0 2 5 24 35 44 48 53 70 83
72: 14 40 59 64 76 85
73: 0 1 6 9 42 53 59 62 66 75 85 91
74: 6 29 35 43 44 47 55 57 65 70 79 80 96
75: 8 28 43 53 73 77 78 79 92 93
76: 2 4 6 25 33 43 46 58 72 85 88 94
77: 1 15 24 29 37 40 43 45 55 57 60 75 94 95 99
78: 15 20 36 37 41 56 75 79 81 82 88 90
79: 14 17 20 30 32 41 45 68 74 75 78 85
80: 1 11 17 21 25 35 38 44 46 48 70 74 87 95 97
81: 8 16 20 23 29 33 35 37 38 50 54 78 82 86 93 96
82: 1 2 8 17 19 31 45 53 59 78 81
83: 24 40 50 53 54 55 71 94 95
84: 4 11 28 29 34 35 38 46 51 59 61 62 64 87
85: 5 6 13 26 48 60 62 72 73 76 79 92 99
86: 5 6 14 22 38 44 46 55 62 65 81 88 98
87: 23 28 29 30 31 43 59 80 84 88 92 97
88: 9 36 45 47 52 60 61 69 76 78 86 87 92
89: 6 16 19 22 31 39 60
90: 0 21 36 38 46 60 78
91: 13 27 33 51 56 73
92: 6 13 18 32 35 58 68 75 85 87 88 95
93: 13 26 32 43 54 64 69 75 81 96
94: 27 34 36 54 76 77 83 97 98
95: 15 22 24 25 28 34 40 48 61 70 77 80 83 92
96: 23 26 27 39 48 53 62 69 74 81 93 97
97: 5 7 9 12 18 22 43 45 50 59 60 66 80 87 94 96
98: 2 6 10 17 19 31 32 33 40 48 52 58 86 94
99: 1 10 27 38 46 63 68 77 85
