100
0: 1 2 5 7 8 10 12 14 18 19 23 24 25 33 38 51 56 60 66 82 89 90 92
1: 0 3 4 5 6 9 12 28 32 38 39 40 42 46 49 61 65 91
2: 0 3 7 9 10 14 28 30 34 48 51 59 64 65 68 72 83 84 94
3: 1 2 4 8 17 21 23 30 33 38 39 43 50 56 61 62 67 71 72 93
4: 1 3 6 9 22 26 31 62 63 65 66 68 72 74 75 79 82 98
5: 0 1 6 10 14 15 19 24 26 27 29 37 56 69 70 77 82 83 86 90 91 96 97 99
6: 1 4 5 9 11 24 27 40 47 53 58 59 68 69 72 76 79 84 85 94 99
7: 0 2 10 21 28 34 38 40 41 43 50 59 68 69 77 79 85 86 94 99
8: 0 3 9 12 16 19 20 21 27 34 41 46 62 64 65 68 71 77 78 79 80 84 90 91
9: 1 2 4 6 8 12 13 15 16 23 29 44 52 55 56 57 59 70 72 76 78 80 84 90 91 95
10: 0 2 5 7 13 19 21 24 26 56 61 68 73 78 82 90 97
11: 6 13 14 16 18 38 39 42 56 59 63 66 68 82 90 91
12: 0 1 8 9 13 21 23 34 39 43 47 49 50 57 60 63 64 65 80 81 84 88 93 98
13: 9 10 11 12 16 17 21 25 32 34 39 47 63 66 87 90 91 93
14: 0 2 5 11 24 30 33 38 41 42 44 45 47 48 56 58 60 67 82 83 85 88 95
15: 5 9 16 22 27 29 30 31 32 33 35 36 37 38 43 44 49 59 60 62 66 75 76 77 80 83 87 88 91
16: 8 9 11 13 15 21 23 33 42 49 50 53 58 67 69 71 75 76 78 81 90 95
17: 3 13 18 23 24 26 28 29 30 34 36 39 40 49 52 60 68 73 78 84 87 89 93 95
18: 0 11 17 27 30 34 39 42 44 47 50 53 62 63 66 69 73 82 86 87 88 91
19: 0 5 8 10 29 30 37 41 43 47 52 58 62 73 83 90 94 98
20: 8 25 27 43 46 48 53 59 61 62 66 70 73 75 76 79 93 96
21: 3 7 8 10 12 13 16 24 25 29 30 31 33 37 39 51 54 59 75 77 88
22: 4 15 24 25 31 36 39 41 44 47 48 50 52 53 66 73 79 83 86 90 95
23: 0 3 9 12 16 17 24 26 28 33 39 42 70 74 78 87 95 99
24: 0 5 6 10 14 17 21 22 23 25 31 33 36 40 41 51 55 63 65 68 75 80 84 85 87 90 93 94 98
25: 0 13 20 21 22 24 32 37 39 43 48 52 57 66 73 74 85 91 92
26: 4 5 10 17 23 29 39 42 45 48 50 58 61 77 82 92 93 98
27: 5 6 8 15 18 20 30 33 35 37 42 52 63 64 65 71 94
28: 1 2 7 17 23 35 37 43 46 47 52 58 62 63 64 68 75 83 84 86 96 98
29: 5 9 15 17 19 21 26 30 44 46 48 49 50 71 72 73 80 89 90 98 99
30: 2 3 14 15 17 18 19 21 27 29 31 35 41 46 48 51 52 56 58 59 67 68 70 72 75 77 80 82 90 94 95 96
31: 4 15 21 22 24 30 37 47 50 59 67 71 73 75 76 78 98 99
32: 1 13 15 25 34 35 36 39 43 50 52 56 58 59 65 66 79 86 92 97
33: 0 3 14 15 16 21 23 24 27 35 37 41 44 48 50 52 63 69 73 77 80 82 84
34: 2 7 8 12 13 17 18 32 48 52 58 64 65 73 81 90 91
35: 15 27 28 30 32 33 36 40 44 48 51 53 57 58 69 71 72 78 86 90 91 98
36: 15 17 22 24 32 35 44 45 46 47 48 54 55 57 61 69 72 74 75 80 84 85 88 92
37: 5 15 19 21 25 27 28 31 33 40 61 62 68 74 81 84 87 96
38: 0 1 3 7 11 14 15 53 54 56 58 60 69 82 85 89 91 93
39: 1 3 11 12 13 17 18 21 22 23 25 26 32 47 65 67 73 74 79 81 88 91 92 95
40: 1 6 7 17 24 35 37 42 43 49 53 60 63 64 72 88 96
41: 7 8 14 19 22 24 30 33 46 51 59 60 71 73 74 82 83 85 86 87 90
42: 1 11 14 16 18 23 26 27 40 44 49 55 65 67 71 78 87 93 94 96
43: 3 7 12 15 19 20 25 28 32 40 44 51 52 53 56 58 59 69 83 84 87 90 91 92
44: 9 14 15 18 22 29 33 35 36 42 43 50 57 62 63 65 68 72 73 79 82 85 88 92 95
45: 14 26 36 47 52 56 61 66 69 71 72 75 76 81 94 96
46: 1 8 20 28 29 30 36 41 47 51 53 56 60 75 79 81 83 85 88 95
47: 6 12 13 14 18 19 22 28 31 36 39 45 46 58 62 65 70 77 85 93 97
48: 2 14 20 22 25 26 29 30 33 34 35 36 53 54 69 72 73 80 82 87 88
49: 1 12 15 16 17 29 40 42 50 55 61 64 66 68 75 76 77 81 84 96 97
50: 3 7 12 16 18 22 26 29 31 32 33 44 49 53 57 59 61 68 70 73 80 81 89
51: 0 2 21 24 30 35 41 43 46 71
52: 9 17 19 22 25 27 28 30 32 33 34 43 45 56 58 59 62 89 95 99
53: 6 16 18 20 22 35 38 40 43 46 48 50 54 60 75 76 79 83 85 86 87 94 95 97 99
54: 21 36 38 48 53 56 59 73 87 90 92 94
55: 9 24 36 42 49 60 61 66 82 87 96 99
56: 0 3 5 9 10 11 14 30 32 38 43 45 46 52 54 57 64 71 78 79 84 86 95 96
57: 9 12 25 35 36 44 50 56 60 64 66 70 85 87 90 92 94
58: 6 14 16 19 26 28 30 32 34 35 38 43 47 52 82 84 89 99
59: 2 6 7 9 11 15 20 21 30 31 32 41 43 50 52 54 60 71 72 76 79 85 92 98
60: 0 12 14 15 17 38 40 41 46 53 55 57 59 62 66 67 77 80 81 84 95 96 98
61: 1 3 10 20 26 36 37 45 49 50 55 63 66 70 81 83 84 95
62: 3 4 8 15 18 19 20 28 37 44 47 52 60 64 67 69 70 76 80 89 92 97
63: 4 11 12 13 18 24 27 28 33 40 44 61 67 69 73 80 92 96
64: 2 8 12 27 28 34 40 49 56 57 62 70 71 72 74 88 90 94
65: 1 2 4 8 12 24 27 32 34 39 42 44 47 69 71 77 87 91 99
66: 0 4 11 13 15 18 20 22 25 32 45 49 55 57 60 61 75 82 83 88 90 92 93
67: 3 14 16 30 31 39 42 60 62 63 68 72 85 86 88 99
68: 2 4 6 7 8 10 11 17 24 28 30 37 44 49 50 67 73 78 85 87 89 92 94 97
69: 5 6 7 16 18 33 35 36 38 43 45 48 62 63 65 72 79 80 84 87 90 91 94 99
70: 5 9 20 23 30 47 50 57 61 62 64 76 85 87
71: 3 8 16 27 29 31 35 41 42 45 51 56 59 64 65 76 79 80 81 91 92 99
72: 2 3 4 6 9 29 30 35 36 40 44 45 48 59 64 67 69 76 80 82 83
73: 10 17 18 19 20 22 25 29 31 33 34 39 41 44 48 50 54 63 68 76 81 97
74: 4 23 25 36 37 39 41 64 75 83 85 87 92 96
75: 4 15 16 20 21 24 28 30 31 36 45 46 49 53 66 74 78 81 86
76: 6 9 15 16 20 31 45 49 53 59 62 70 71 72 73 79 82 90 99
77: 5 7 8 15 21 26 30 33 47 49 60 65 85 86 89
78: 8 9 10 16 17 23 31 35 42 56 68 75 81 85
79: 4 6 7 8 20 22 32 39 44 46 53 56 59 69 71 76 87 94 98
80: 8 9 12 15 24 29 30 33 36 48 50 60 62 63 69 71 72 85 87 95
81: 12 16 34 37 39 45 46 49 50 60 61 71 73 75 78 87 88 95
82: 0 4 5 10 11 14 18 26 30 33 38 41 44 48 55 58 66 72 76 87 88 89 92
83: 2 5 14 15 19 22 28 41 43 46 53 61 66 72 74 97 98
84: 2 6 8 9 12 17 24 28 33 36 37 43 49 56 58 60 61 69 91 93
85: 6 7 14 24 25 36 38 41 44 46 47 53 57 59 67 68 70 74 77 78 80 93 94 97 99
86: 5 7 18 22 28 32 35 41 53 56 67 75 77 92 95 97
87: 13 15 17 18 23 24 37 41 42 43 48 53 54 55 57 65 68 69 70 74 79 80 81 82 95 98
88: 12 14 15 18 21 36 39 40 44 46 48 64 66 67 81 82 94
89: 0 17 29 38 50 52 58 62 68 77 82 92 96 97
90: 0 5 8 9 10 11 13 16 19 22 24 29 30 34 35 41 43 54 57 64 66 69 76
91: 1 5 8 9 11 13 15 18 25 34 35 38 39 43 65 69 71 84 95 97
92: 0 25 26 32 36 39 43 44 54 57 59 62 63 66 68 71 74 82 86 89 95 98
93: 3 12 13 17 20 24 26 38 42 47 66 84 85
94: 2 6 7 19 24 27 30 42 45 53 54 57 64 68 69 79 85 88
95: 9 14 16 17 22 23 30 39 44 46 52 53 56 60 61 80 81 86 87 91 92 96
96: 5 20 28 30 37 40 42 45 49 55 56 60 63 74 89 95 99
97: 5 10 32 47 49 53 62 68 73 83 85 86 89 91 98
98: 4 12 19 24 26 28 29 31 35 59 60 79 83 87 92 97
99: 5 6 7 23 29 31 52 53 55 58 65 67 69 71 76 85 96
