100
0: 1 9 10 51
1: 0 2 3 4 6 8 34 41 46 50 71
2: 1 11 29 42 44 47 80 87 91
3: 1 5
4: 1 10 80
5: 3 12 13 17 38 44 59
6: 1 7 23
7: 6 22 33
8: 1 16 32 33 50 59 69
9: 0 14 25 34 43 78
10: 0 4 11 18 51 56 69
11: 2 10 15 52 59
12: 5 19 28 78
13: 5 25 48
14: 9 19 20 25 43 58
15: 11 21 27 50 57 58
16: 8 36 45 54 58 64 82
17: 5 22 31 55
18: 10
19: 12 14 26 54 81
20: 14 71
21: 15 24 28 47 60 61 85 96
22: 7 17 50 72 84
23: 6 27 30 42 46 53 75 96
24: 21 37 50 64 91
25: 9 13 14 50 62 63 83
26: 19 98
27: 15 23 53
28: 12 21 30 55 78 92
29: 2 35
30: 23 28 49 57 59
31: 17 40 90
32: 8 39 42 44
33: 7 8 95
34: 1 9
35: 29 57 65 98
36: 16 74 81
37: 24 39 72 84 89 93
38: 5 59 83 94
39: 32 37 49 69
40: 31 70
41: 1 48 67 94
42: 2 23 32 71
43: 9 14 69
44: 2 5 32 83 88
45: 16 79 86
46: 1 23 56
47: 2 21 60
48: 13 41 56 60 63 92
49: 30 39 76 83
50: 1 8 15 22 24 25 70
51: 0 10 66
52: 11
53: 23 27 96
54: 16 19
55: 17 28 93
56: 10 46 48
57: 15 30 35 72 84 99
58: 14 15 16 94
59: 5 8 11 30 38
60: 21 47 48 66 77 82 99
61: 21 80 95 97
62: 25 95
63: 25 48
64: 16 24 79
65: 35 82 93
66: 51 60
67: 41 68 77 96
68: 67 87
69: 8 10 39 43 82
70: 40 50 73 77 92
71: 1 20 42 98
72: 22 37 57 89
73: 70 74
74: 36 73 92
75: 23
76: 49 80 98
77: 60 67 70 98
78: 9 12 28
79: 45 64
80: 2 4 61 76 94
81: 19 36 86 98
82: 16 60 65 69 84 91
83: 25 38 44 49 97
84: 22 37 57 82 86
85: 21
86: 45 81 84 95
87: 2 68
88: 44 91
89: 37 72
90: 31
91: 2 24 82 88
92: 28 48 70 74
93: 37 55 65
94: 38 41 58 80 98
95: 33 61 62 86
96: 21 23 53 67
97: 61 83
98: 26 35 71 76 77 81 94
99: 57 60
