100
0: 1 5 24 25 37 40 51 54 96
1: 0 2 3 4 6 9 13 23 41 48
2: 1 3 26 61 71 77 94
3: 1 2 4 7 10 11 48 55
4: 1 3 22 30 38 39 68 78 79
5: 0 6 8 12 19 21 32 34 53 60 81
6: 1 5 14 23 44 45 48 65
7: 3 13 14 16 18 22 29 45 67 76 78 84 90 93
8: 5 25 35 55 59
9: 1 15 18 24 32 56 61 70 81 85 87 95
10: 3 21 44 47 59 76
11: 3 17 26 32 39 72
12: 5 37 44 55 74 77 87 96
13: 1 7 15 20 42 49 91
14: 6 7 21 33 38 44 57 79
15: 9 13 22 26 42 43 54 88 99
16: 7 17 44 46 50 72 73 85
17: 11 16 25 30 35 41 43 71 93
18: 7 9 39 60 64 69 72 77
19: 5 27 28 36 39 40 54 78 95
20: 13 46 48 73 78 96 98
21: 5 10 14 23 27 31 51 54 63 71 98
22: 4 7 15 24 25 30 36 53 54 57 76 84 85
23: 1 6 21 25 51 66 93
24: 0 9 22 39 46 56 63 88
25: 0 8 17 22 23 44 64 65 67 82 92 93
26: 2 11 15 27 30 37 60 82 95 99
27: 19 21 26 37 60 64 74 80 97
28: 19 40 41 46 55 78 85
29: 7 49 54 67 70 94 99
30: 4 17 22 26 46 78 94
31: 21 37 38 40 56 76
32: 5 9 11 44 45 64 65 92
33: 14 37 40 42 46 50 51 53 59 61 80 81
34: 5 55 73 77 87
35: 8 17 58 82 86 95
36: 19 22 37 69 87 93
37: 0 12 26 27 31 33 36 44 51 52 72 86
38: 4 14 31 44 55 63 69 72 79 87 88 92
39: 4 11 18 19 24 47 53 62 78 84
40: 0 19 28 31 33 68 99
41: 1 17 28 47 68 88
42: 13 15 33 59 63 65 78
43: 15 17 63 75 96
44: 6 10 12 14 16 25 32 37 38 64 66 67 83
45: 6 7 32 47 68 95
46: 16 20 24 28 30 33 50 60 75 78 81 82
47: 10 39 41 45 56 71 85 86 97 99
48: 1 3 6 20 55 62 64 66 75 83 87 91 93 94
49: 13 29 74 79 81 99
50: 16 33 46 52 76 92
51: 0 21 23 33 37 74 77 97
52: 37 50 73 91
53: 5 22 33 39 57 64 68 77 89 96
54: 0 15 19 21 22 29 91 92
55: 3 8 12 28 34 38 48 61 77
56: 9 24 31 47 73 89
57: 14 22 53 59 75 99
58: 35 78 81 91 93
59: 8 10 33 42 57
60: 5 18 26 27 46 76 77
61: 2 9 33 55 74
62: 39 48 71 79
63: 21 24 38 42 43 64 71
64: 18 25 27 32 44 48 53 63 85 86 90 91 94
65: 6 25 32 42 73 75 99
66: 23 44 48 77 89
67: 7 25 29 44 73 89 93 94
68: 4 40 41 45 53 80 82 87 88
69: 18 36 38
70: 9 29 78 80 82 83 92 94
71: 2 17 21 47 62 63 73 78 79 91
72: 11 16 18 37 38
73: 16 20 34 52 56 65 67 71 77 91
74: 12 27 49 51 61 82 85 89 94 99
75: 43 46 48 57 65 92
76: 7 10 22 31 50 60 78 86
77: 2 12 18 34 51 53 55 60 66 73 96
78: 4 7 19 20 28 30 39 42 46 58 70 71 76 80 99
79: 4 14 38 49 62 71
80: 27 33 68 70 78 94
81: 5 9 33 46 49 58 83 87 91 95 97
82: 25 26 35 46 68 70 74 88
83: 44 48 70 81 91
84: 7 22 39
85: 9 16 22 28 47 64 74 92 93
86: 35 37 47 64 76 89 96
87: 9 12 34 36 38 48 68 81
88: 15 24 38 41 68 82
89: 53 56 66 67 74 86 95
90: 7 64 91
91: 13 48 52 54 58 64 71 73 81 83 90 93
92: 25 32 38 50 54 70 75 85
93: 7 17 23 25 36 48 58 67 85 91
94: 2 29 30 48 64 67 70 74 80
95: 9 19 26 35 45 81 89
96: 0 12 20 43 53 77 86 99
97: 27 47 51 81
98: 20 21
99: 15 26 29 40 47 49 57 65 74 78 96
